rep	id	rhoS	eta_deltaSC	rhoC_pop_value	eta_rhoC	eta_deltaCB	rhoB	eta_rhoS	eta_eta_deltaSC	eta_rhoC_pop_value	eta_eta_rhoC	eta_eta_deltaCB	eta_rhoB
1	1	0.58615131143405552	0.04146356102345544	3.16327852737845605	0.19959562972380740	0.10418736345093121	0.32700660041911300	-0.02736481163549687	0.04146356102345544	0.00000000000000000	0.19959562972380740	0.10418736345093121	0.06316481344348118
2	1	0.61665749920980095	-0.07637732364499145	3.16327852737845605	-0.06171309483042282	0.10712351233153589	0.19891824683417042	0.00314137614024856	-0.07637732364499145	0.00000000000000000	-0.06171309483042282	0.10712351233153589	-0.06492354014146140
3	1	0.58881313013028802	-0.29263801410884122	3.16327852737845605	0.05155423390392027	0.02228384161956495	0.33789749051719703	-0.02470299293926437	-0.29263801410884122	0.00000000000000000	0.05155423390392027	0.02228384161956495	0.07405570354156521
4	1	0.61685217601624087	-0.26236691207614626	3.16327852737845605	-0.05123685979158748	0.01271144275369072	0.20380654771824142	0.00333605294668848	-0.26236691207614626	0.00000000000000000	-0.05123685979158748	0.01271144275369072	-0.06003523925739040
5	1	0.60166641269344867	-0.48879365173761163	3.16327852737845605	-0.18407193461887017	0.06261598458370836	0.27957613553616600	-0.01184971037610372	-0.48879365173761163	0.00000000000000000	-0.18407193461887017	0.06261598458370836	0.01573434856053418
6	1	0.63720853341464312	-0.36869911320153226	3.16327852737845605	-0.18058088353278076	-0.07915073759566663	0.20027336689484154	0.02369241034509073	-0.36869911320153226	0.00000000000000000	-0.18058088353278076	-0.07915073759566663	-0.06356842008079028
7	1	0.59017180870850205	-0.44603301414070007	3.16327852737845605	0.11854167676532620	0.08106464411756512	0.27017831037160078	-0.02334431436105033	-0.44603301414070007	0.00000000000000000	0.11854167676532620	0.08106464411756512	0.00633652339596896
8	1	0.58866509061898553	-0.31687674708523550	3.16327852737845605	-0.02270255868036852	-0.00217230467458150	0.32584961858455802	-0.02485103245056686	-0.31687674708523550	0.00000000000000000	-0.02270255868036852	-0.00217230467458150	0.06200783160892620
9	1	0.60024065754340428	-0.28102516947318873	3.16327852737845605	-0.19376285694873727	0.01120266210637527	0.26083762538817046	-0.01327546552614811	-0.28102516947318873	0.00000000000000000	-0.19376285694873727	0.01120266210637527	-0.00300416158746136
10	1	0.62025423591865925	0.09002235860120389	3.16327852737845605	-0.25051162907009900	-0.00138359826414276	0.17753742213908907	0.00673811284910686	0.09002235860120389	0.00000000000000000	-0.25051162907009900	-0.00138359826414276	-0.08630436483654275
1	2	0.74431717668088582	-0.18171198314714565	3.16327852737845605	0.18300936087000177	-0.04631547964042216	0.26283055258902849	0.13080105361133343	-0.18171198314714565	0.00000000000000000	0.18300936087000177	-0.04631547964042216	-0.00101123438660333
2	2	0.70409217102572597	-0.30062066429336853	3.16327852737845605	0.25054291131521755	-0.13670132042951444	0.35398339660038308	0.09057604795617358	-0.30062066429336853	0.00000000000000000	0.25054291131521755	-0.13670132042951444	0.09014160962475126
3	2	0.74114218135064014	-0.03713805121018665	3.16327852737845605	0.07091156423626689	-0.04158182628893872	0.29954039295501739	0.12762605828108775	-0.03713805121018665	0.00000000000000000	0.07091156423626689	-0.04158182628893872	0.03569860597938557
4	2	0.77924052460582416	0.03182664544246006	3.16327852737845605	-0.20774104445620342	-0.02355155564591742	0.36583224609435588	0.16572440153627177	0.03182664544246006	0.00000000000000000	-0.20774104445620342	-0.02355155564591742	0.10199045911872406
5	2	0.73521502762203883	0.03296733583367178	3.16327852737845605	0.11777531361884294	-0.02797503732133445	0.33318101059221811	0.12169890455248644	0.03296733583367178	0.00000000000000000	0.11777531361884294	-0.02797503732133445	0.06933922361658629
6	2	0.74077468716669281	-0.08076097289562653	3.16327852737845605	0.19504478137859182	-0.04785624410990588	0.13696215643813253	0.12725856409714043	-0.08076097289562653	0.00000000000000000	0.19504478137859182	-0.04785624410990588	-0.12687963053749929
7	2	0.70136734313351001	-0.04338871929960073	3.16327852737845605	0.19883695254281003	-0.07393040523807266	0.20199896957258631	0.08785122006395762	-0.04338871929960073	0.00000000000000000	0.19883695254281003	-0.07393040523807266	-0.06184281740304551
8	2	0.71658632981050963	0.50184442504150240	3.16327852737845605	0.00363434143831338	-0.08992847032000717	0.26666540159971230	0.10307020674095724	0.50184442504150240	0.00000000000000000	0.00363434143831338	-0.08992847032000717	0.00282361462408048
9	2	0.74604104585723208	0.16881535897830241	3.16327852737845605	0.09093430121448592	-0.10997046119212797	0.18921625683916721	0.13252492278767969	0.16881535897830241	0.00000000000000000	0.09093430121448592	-0.10997046119212797	-0.07462553013646461
10	2	0.75539384261803710	0.07184557253615070	3.16327852737845605	-0.03320055452034691	-0.09795530215314627	0.24387759356783506	0.14187771954848472	0.07184557253615070	0.00000000000000000	-0.03320055452034691	-0.09795530215314627	-0.01996419340779676
1	3	0.55568159471337875	0.02050075308485108	3.16327852737845605	-0.16248715488111226	0.09958718583619103	0.30532639293685199	-0.05783452835617364	0.02050075308485108	0.00000000000000000	-0.16248715488111226	0.09958718583619103	0.04148460596122017
2	3	0.61474735729313024	0.21650109505442786	3.16327852737845605	-0.07220515099249517	0.01068624378447434	0.26217295305714827	0.00123123422357785	0.21650109505442786	0.00000000000000000	-0.07220515099249517	0.01068624378447434	-0.00166883391848355
3	3	0.58515808331867736	0.17481754444089709	3.16327852737845605	-0.07007702140504407	0.05518700671053460	0.27840602236666007	-0.02835803975087503	0.17481754444089709	0.00000000000000000	-0.07007702140504407	0.05518700671053460	0.01456423539102825
4	3	0.51738923824621852	0.27583489343939549	3.16327852737845605	-0.11325930887409266	-0.11430793546585125	0.09544129170512983	-0.09612688482333387	0.27583489343939549	0.00000000000000000	-0.11325930887409266	-0.11430793546585125	-0.16840049527050199
5	3	0.62632386381520289	-0.22888693180488356	3.16327852737845605	-0.06441603948047896	0.03969292680490286	0.28615942046105969	0.01280774074565050	-0.22888693180488356	0.00000000000000000	-0.06441603948047896	0.03969292680490286	0.02231763348542787
6	3	0.54855560843768758	0.17300335709414461	3.16327852737845605	-0.03645556086427103	0.03407258014803350	0.25152669935681338	-0.06496051463186481	0.17300335709414461	0.00000000000000000	-0.03645556086427103	0.03407258014803350	-0.01231508761881844
7	3	0.61431765818377793	0.06975275484921598	3.16327852737845605	-0.01422143052153316	-0.05965728302744655	0.22683450907204039	0.00080153511422554	0.06975275484921598	0.00000000000000000	-0.01422143052153316	-0.05965728302744655	-0.03700727790359143
8	3	0.60890054438303998	-0.30253415247026111	3.16327852737845605	0.04786132452366852	-0.06260931645945639	0.22747781030585304	-0.00461557868651241	-0.30253415247026111	0.00000000000000000	0.04786132452366852	-0.06260931645945639	-0.03636397666977878
9	3	0.53229085872440240	-0.07900579278933867	3.16327852737845605	0.04315438481454567	-0.03250191379011338	0.23016706552252075	-0.08122526434514998	-0.07900579278933867	0.00000000000000000	0.04315438481454567	-0.03250191379011338	-0.03367472145311107
10	3	0.59514407997616403	-0.15049105880154171	3.16327852737845605	-0.02051870699909340	0.05735680099741983	0.32834357043935464	-0.01837204309338836	-0.15049105880154171	0.00000000000000000	-0.02051870699909340	0.05735680099741983	0.06450178346372282
1	4	0.72880244019944640	0.46788058544391659	3.16327852737845605	0.05665700366724233	0.07513470579941994	0.32072506338591539	0.11528631712989401	0.46788058544391659	0.00000000000000000	0.05665700366724233	0.07513470579941994	0.05688327641028357
2	4	0.71009588180124927	0.43843014401851021	3.16327852737845605	-0.00199998574235731	-0.00330365187934867	0.26174165897309276	0.09657975873169689	0.43843014401851021	0.00000000000000000	-0.00199998574235731	-0.00330365187934867	-0.00210012800253906
3	4	0.75461485808409290	0.25219057335701850	3.16327852737845605	0.13176403761780045	0.06050391237316249	0.31620763541491126	0.14109873501454051	0.25219057335701850	0.00000000000000000	0.13176403761780045	0.06050391237316249	0.05236584843927944
4	4	0.73183006736768819	0.40370329614709460	3.16327852737845605	-0.05718739226231423	0.11131883923522409	0.26862656664510065	0.11831394429813580	0.40370329614709460	0.00000000000000000	-0.05718739226231423	0.11131883923522409	0.00478477966946883
5	4	0.74321224940114228	0.21254891913951718	3.16327852737845605	0.10284725396752370	-0.02158668621245278	0.25117072175159388	0.12969612633158989	0.21254891913951718	0.00000000000000000	0.10284725396752370	-0.02158668621245278	-0.01267106522403794
6	4	0.74685338571082316	0.37502289820778073	3.16327852737845605	-0.02767787745752326	0.06796155371909382	0.34448841326417534	0.13333726264127077	0.37502289820778073	0.00000000000000000	-0.02767787745752326	0.06796155371909382	0.08064662628854352
7	4	0.73090832035619413	0.27603525676580976	3.16327852737845605	-0.01153468389615780	-0.06267591377240028	0.22095451885570030	0.11739219728664174	0.27603525676580976	0.00000000000000000	-0.01153468389615780	-0.06267591377240028	-0.04288726811993152
8	4	0.80857493948860704	0.17437435772493526	3.16327852737845605	0.03098464556050679	0.10625873546215486	0.23375928282883074	0.19505881641905465	0.17437435772493526	0.00000000000000000	0.03098464556050679	0.10625873546215486	-0.03008250414680108
9	4	0.77710421383221573	0.29469480837786316	3.16327852737845605	0.04772870338320908	0.09406862627230229	0.20875610150906745	0.16358809076266334	0.29469480837786316	0.00000000000000000	0.04772870338320908	0.09406862627230229	-0.05508568546656437
10	4	0.79700891692043430	0.28302831345831370	3.16327852737845605	0.11752244608143463	0.02378116284754628	0.22075160182902936	0.18349279385088191	0.28302831345831370	0.00000000000000000	0.11752244608143463	0.02378116284754628	-0.04309018514660246
1	5	0.65239855086821696	-0.34666527432242356	3.16327852737845605	0.03631951421004107	-0.14444292557493563	0.31830136639687040	0.03888242779866458	-0.34666527432242356	0.00000000000000000	0.03631951421004107	-0.14444292557493563	0.05445957942123858
2	5	0.62600604412279526	-0.09847548965157239	3.16327852737845605	0.08322386093551881	-0.13895194591148069	0.32133469995671665	0.01248992105324287	-0.09847548965157239	0.00000000000000000	0.08322386093551881	-0.13895194591148069	0.05749291298108483
3	5	0.63693200816801410	-0.04027254571521024	3.16327852737845605	0.18182669399873269	-0.08374318608001854	0.29674206968061562	0.02341588509846171	-0.04027254571521024	0.00000000000000000	0.18182669399873269	-0.08374318608001854	0.03290028270498380
4	5	0.59964964994380276	-0.12821228957164221	3.16327852737845605	0.25511117794142568	-0.09208011287187579	0.28708105835133169	-0.01386647312574962	-0.12821228957164221	0.00000000000000000	0.25511117794142568	-0.09208011287187579	0.02323927137569987
5	5	0.62680294102719070	-0.01526986636508133	3.16327852737845605	0.05747777699107906	-0.12952566098339102	0.22800347232192783	0.01328681795763831	-0.01526986636508133	0.00000000000000000	0.05747777699107906	-0.12952566098339102	-0.03583831465370399
6	5	0.66695899250499835	0.13245728327062489	3.16327852737845605	0.13104461236241929	-0.06881615332296435	0.30999900979245598	0.05344286943544596	0.13245728327062489	0.00000000000000000	0.13104461236241929	-0.06881615332296435	0.04615722281682416
7	5	0.59475034558217743	0.29191225497778001	3.16327852737845605	0.09286743009064291	-0.09892715563507251	0.25058749171762795	-0.01876577748737496	0.29191225497778001	0.00000000000000000	0.09286743009064291	-0.09892715563507251	-0.01325429525800387
8	5	0.61468948095627007	0.11990815570756577	3.16327852737845605	0.11768594229833992	-0.12600978146701150	0.25354408708242671	0.00117335788671769	0.11990815570756577	0.00000000000000000	0.11768594229833992	-0.12600978146701150	-0.01029769989320511
9	5	0.62731081077902551	-0.30146152645609142	3.16327852737845605	0.01906560844240601	-0.16606657245259163	0.34247345950417202	0.01379468770947312	-0.30146152645609142	0.00000000000000000	0.01906560844240601	-0.16606657245259163	0.07863167252854020
10	5	0.59889081754975815	0.43644585510190437	3.16327852737845605	0.03964888220067702	-0.02064170375350431	0.34821207468168486	-0.01462530551979424	0.43644585510190437	0.00000000000000000	0.03964888220067702	-0.02064170375350431	0.08437028770605304
1	6	0.60594088617345965	-0.16441436664742753	3.16327852737845605	0.16190369262853141	0.00759799385105168	0.24321011052993952	-0.00757523689609274	-0.16441436664742753	0.00000000000000000	0.16190369262853141	0.00759799385105168	-0.02063167644569230
2	6	0.65126735261254842	-0.01980375060812378	3.16327852737845605	-0.13789145855478077	0.07546244329157431	0.33706237851051402	0.03775122954299603	-0.01980375060812378	0.00000000000000000	-0.13789145855478077	0.07546244329157431	0.07322059153488220
3	6	0.63462228064001991	-0.06989937897333064	3.16327852737845605	0.02776324262844163	0.11155061897648448	0.27223485196322816	0.02110615757046752	-0.06989937897333064	0.00000000000000000	0.02776324262844163	0.11155061897648448	0.00839306498759634
4	6	0.56873974273586381	0.08552131770591151	3.16327852737845605	-0.05589965272687498	-0.00318670453794342	0.18507672977896458	-0.04477638033368858	0.08552131770591151	0.00000000000000000	-0.05589965272687498	-0.00318670453794342	-0.07876505719666724
5	6	0.61345852146733526	-0.06547415533677449	3.16327852737845605	0.20145197308812560	0.09971685752413238	0.19392120362715709	-0.00005760160221713	-0.06547415533677449	0.00000000000000000	0.20145197308812560	0.09971685752413238	-0.06992058334847473
6	6	0.63361098117326364	-0.20509010777386039	3.16327852737845605	-0.01040518067870422	0.04329508434692917	0.27068251517101199	0.02009485810371126	-0.20509010777386039	0.00000000000000000	-0.01040518067870422	0.04329508434692917	0.00684072819538017
7	6	0.58814419263454376	0.02585454357576943	3.16327852737845605	-0.25874067167101944	0.05373353643051083	0.32545882778851548	-0.02537193043500863	0.02585454357576943	0.00000000000000000	-0.25874067167101944	0.05373353643051083	0.06161704081288366
8	6	0.59693245986055088	-0.10622278343810004	3.16327852737845605	-0.02218507324282876	0.05159356331254281	0.24393578039916636	-0.01658366320900151	-0.10622278343810004	0.00000000000000000	-0.02218507324282876	0.05159356331254281	-0.01990600657646546
9	6	0.63705473338083984	-0.15025823531081769	3.16327852737845605	-0.20076777913442456	0.02766301035333662	0.27780777803417811	0.02353861031128746	-0.15025823531081769	0.00000000000000000	-0.20076777913442456	0.02766301035333662	0.01396599105854629
10	6	0.58867217569232544	-0.11095724918702632	3.16327852737845605	-0.08206990188864494	0.02070596605572250	0.28704365987442942	-0.02484394737722695	-0.11095724918702632	0.00000000000000000	-0.08206990188864494	0.02070596605572250	0.02320187289879760
1	7	0.36513394717537090	0.18898940764782321	3.16327852737845605	-0.21137617141708678	0.00236800269660115	0.24109522189104882	-0.24838217589418149	0.18898940764782321	0.00000000000000000	-0.21137617141708678	0.00236800269660115	-0.02274656508458300
2	7	0.41961950909375145	-0.19337164370561113	3.16327852737845605	-0.06272124939866031	0.00345523793845444	0.29487130951005291	-0.19389661397580094	-0.19337164370561113	0.00000000000000000	-0.06272124939866031	0.00345523793845444	0.03102952253442109
3	7	0.39913534598893952	0.15360598136142933	3.16327852737845605	0.00034349737914843	0.15556774547259547	0.27861395104205100	-0.21438077708061287	0.15360598136142933	0.00000000000000000	0.00034349737914843	0.15556774547259547	0.01477216406641918
4	7	0.42990901797756981	-0.00010521916071106	3.16327852737845605	-0.28649394189455490	-0.01225336854070388	0.23185620484625435	-0.18360710509198258	-0.00010521916071106	0.00000000000000000	-0.28649394189455490	-0.01225336854070388	-0.03198558212937747
5	7	0.35497752167259161	-0.02010736091328429	3.16327852737845605	-0.08219555500686188	0.05552091796412749	0.24878758933344358	-0.25853860139696078	-0.02010736091328429	0.00000000000000000	-0.08219555500686188	0.05552091796412749	-0.01505419764218824
6	7	0.39660803074300272	0.20843508302487262	3.16327852737845605	-0.47082740637701209	-0.00033612667355549	0.25254055213795840	-0.21690809232654967	0.20843508302487262	0.00000000000000000	-0.47082740637701209	-0.00033612667355549	-0.01130123483767342
7	7	0.39078516353314829	-0.02042628648744260	3.16327852737845605	-0.22048708170299952	0.05961896321942622	0.26431573447910184	-0.22273095953640409	-0.02042628648744260	0.00000000000000000	-0.22048708170299952	0.05961896321942622	0.00047394750347002
8	7	0.35830180232663300	0.02817588832685670	3.16327852737845605	0.00666547619905122	0.05310908063619929	0.18537204764559281	-0.25521432074291939	0.02817588832685670	0.00000000000000000	0.00666547619905122	0.05310908063619929	-0.07846973933003901
9	7	0.43380873648850882	-0.22213017203280297	3.16327852737845605	0.22065427006297322	0.07752901824192371	0.17838623546239993	-0.17970738658104357	-0.22213017203280297	0.00000000000000000	0.22065427006297322	0.07752901824192371	-0.08545555151323189
10	7	0.39154259985254197	0.21814641217013356	3.16327852737845605	-0.18598401828059069	0.02288921108195729	0.27923264160323313	-0.22197352321701042	0.21814641217013356	0.00000000000000000	-0.18598401828059069	0.02288921108195729	0.01539085462760131
