rep	id	rhoS	eta_deltaSC	rhoC_pop_value	eta_rhoC	eta_deltaCB	rhoB	eta_rhoS	eta_eta_deltaSC	eta_rhoC_pop_value	eta_eta_rhoC	eta_eta_deltaCB	eta_rhoB
1	1	0.63910042358554675	-0.76163692852221043	2.64033415307624297	0.00000000000000000	119.22084405448687505	0.77422754760241808	0.01958016948033170	-0.76163692852221043	0.00000000000000000	0.00000000000000000	119.22084405448687505	-0.05528744456343804
2	1	0.57282223582924041	-0.47846008692315684	2.64033415307624297	0.00000000000000000	131.70980628961950742	0.74976463292349527	-0.04669801827597464	-0.47846008692315684	0.00000000000000000	0.00000000000000000	131.70980628961950742	-0.07975035924236085
3	1	0.63887436550112475	-0.14665986291311481	2.64033415307624297	0.00000000000000000	95.78845873209898798	0.71594988450009844	0.01935411139590970	-0.14665986291311481	0.00000000000000000	0.00000000000000000	95.78845873209898798	-0.11356510766575767
4	1	0.56500888571507968	-0.62024904987311114	2.64033415307624297	0.00000000000000000	405.71913395972376293	0.76526162859858393	-0.05451136839013537	-0.62024904987311114	0.00000000000000000	0.00000000000000000	405.71913395972376293	-0.06425336356727218
5	1	0.62262555033812705	-0.70135573338506552	2.64033415307624297	0.00000000000000000	7.66704354833962043	0.80593482908203740	0.00310529623291200	-0.70135573338506552	0.00000000000000000	0.00000000000000000	7.66704354833962043	-0.02358016308381872
6	1	0.60630978901194965	0.01634460458798254	2.64033415307624297	0.00000000000000000	38.58254276352651857	0.75034610884018094	-0.01321046509326540	0.01634460458798254	0.00000000000000000	0.00000000000000000	38.58254276352651857	-0.07916888332567518
7	1	0.61030780216516511	-0.88362856768905340	2.64033415307624297	0.00000000000000000	54.51224106127096292	0.88115427804273883	-0.00921245194004994	-0.88362856768905340	0.00000000000000000	0.00000000000000000	54.51224106127096292	0.05163928587688271
8	1	0.62299392967174749	-0.69036846919004868	2.64033415307624297	0.00000000000000000	237.04420458299713914	0.80868788360012900	0.00347367556653244	-0.69036846919004868	0.00000000000000000	0.00000000000000000	237.04420458299713914	-0.02082710856572711
9	1	0.68887049166388459	-0.85493849193145943	2.64033415307624297	0.00000000000000000	68.31194115123659572	0.65431970496545577	0.06935023755866954	-0.85493849193145943	0.00000000000000000	0.00000000000000000	68.31194115123659572	-0.17519528720040034
10	1	0.57693349739020139	-0.54620779324636315	2.64033415307624297	0.00000000000000000	203.04904190168889500	0.84869771104065783	-0.04258675671501366	-0.54620779324636315	0.00000000000000000	0.00000000000000000	203.04904190168889500	0.01918271887480172
1	2	0.74773685177991744	0.04568314870627532	2.64033415307624297	0.00000000000000000	0.82866076269644318	0.80059687345991193	0.12821659767470239	0.04568314870627532	0.00000000000000000	0.00000000000000000	0.82866076269644318	-0.02891811870594418
2	2	0.78964206671242876	0.95374362818019509	2.64033415307624297	0.00000000000000000	506.01627720426097312	0.88658140684009445	0.17012181260721371	0.95374362818019509	0.00000000000000000	0.00000000000000000	506.01627720426097312	0.05706641467423834
3	2	0.73046523768192551	-0.24825694565312531	2.64033415307624297	0.00000000000000000	29.57004062854139192	0.93936239927969190	0.11094498357671045	-0.24825694565312531	0.00000000000000000	0.00000000000000000	29.57004062854139192	0.10984740711383578
4	2	0.76188205033081358	0.11310987839127960	2.64033415307624297	0.00000000000000000	341.94880848850903021	0.82840853803713710	0.14236179622559852	0.11310987839127960	0.00000000000000000	0.00000000000000000	341.94880848850903021	-0.00110645412871901
5	2	0.79007656726061204	0.07396008942400961	2.64033415307624297	0.00000000000000000	600.80752082129356495	0.79938737319370334	0.17055631315539699	0.07396008942400961	0.00000000000000000	0.00000000000000000	600.80752082129356495	-0.03012761897215277
6	2	0.76552541469037771	0.10179349173508664	2.64033415307624297	0.00000000000000000	136.01258938465869619	0.89354415090801387	0.14600516058516266	0.10179349173508664	0.00000000000000000	0.00000000000000000	136.01258938465869619	0.06402915874215775
7	2	0.74438318142003257	0.17913553391407522	2.64033415307624297	0.00000000000000000	96.05979044704508851	0.83863767087705776	0.12486292731481752	0.17913553391407522	0.00000000000000000	0.00000000000000000	96.05979044704508851	0.00912267871120165
8	2	0.74162111539256415	0.15825756856882972	2.64033415307624297	0.00000000000000000	239.24575449969171359	0.87832875762788043	0.12210086128734909	0.15825756856882972	0.00000000000000000	0.00000000000000000	239.24575449969171359	0.04881376546202432
9	2	0.74499132370178289	-0.02249423231910291	2.64033415307624297	0.00000000000000000	259.34334756046729353	0.91477884575040891	0.12547106959656784	-0.02249423231910291	0.00000000000000000	0.00000000000000000	259.34334756046729353	0.08526385358455280
10	2	0.71913860036622901	0.36791218825043348	2.64033415307624297	0.00000000000000000	167.49216162794931506	0.88848609994310079	0.09961834626101396	0.36791218825043348	0.00000000000000000	0.00000000000000000	167.49216162794931506	0.05897110777724468
1	3	0.60718524673333740	-0.14616639719117724	2.64033415307624297	0.00000000000000000	603.23808929398262535	0.80729492504693168	-0.01233500737187765	-0.14616639719117724	0.00000000000000000	0.00000000000000000	603.23808929398262535	-0.02222006711892444
2	3	0.59149224139733170	0.12375359737639674	2.64033415307624297	0.00000000000000000	57.36676480028432934	0.86346484528534961	-0.02802801270788335	0.12375359737639674	0.00000000000000000	0.00000000000000000	57.36676480028432934	0.03394985311949350
3	3	0.54392948586819068	-0.06813691852375059	2.64033415307624297	0.00000000000000000	197.77932593065148126	0.80387818105895126	-0.07559076823702437	-0.06813691852375059	0.00000000000000000	0.00000000000000000	197.77932593065148126	-0.02563681110690486
4	3	0.57948309210476079	0.15586312381232298	2.64033415307624297	0.00000000000000000	404.53979172128993014	0.84635059773231658	-0.04003716200045426	0.15586312381232298	0.00000000000000000	0.00000000000000000	404.53979172128993014	0.01683560556646047
5	3	0.55151089319176205	0.19146665638432631	2.64033415307624297	0.00000000000000000	50.44881777224140507	0.88527148829123248	-0.06800936091345300	0.19146665638432631	0.00000000000000000	0.00000000000000000	50.44881777224140507	0.05575649612537636
6	3	0.62684665260995776	0.26804405176701518	2.64033415307624297	0.00000000000000000	92.07309319791670532	0.72843165482166305	0.00732639850474270	0.26804405176701518	0.00000000000000000	0.00000000000000000	92.07309319791670532	-0.10108333734419306
7	3	0.59200788499739498	-0.00845410503777100	2.64033415307624297	0.00000000000000000	243.77143206388669228	0.85299424741382068	-0.02751236910782007	-0.00845410503777100	0.00000000000000000	0.00000000000000000	243.77143206388669228	0.02347925524796457
8	3	0.56954510724058416	0.22132715135228570	2.64033415307624297	0.00000000000000000	124.29571203901352305	0.77661942026047670	-0.04997514686463089	0.22132715135228570	0.00000000000000000	0.00000000000000000	124.29571203901352305	-0.05289557190537941
9	3	0.58311226004434358	0.23677214989730713	2.64033415307624297	0.00000000000000000	242.87863429980941987	0.79440257798173319	-0.03640799406087147	0.23677214989730713	0.00000000000000000	0.00000000000000000	242.87863429980941987	-0.03511241418412292
10	3	0.59062518290383181	0.05154188444734209	2.64033415307624297	0.00000000000000000	272.22417785696643477	0.76320916021328811	-0.02889507120138324	0.05154188444734209	0.00000000000000000	0.00000000000000000	272.22417785696643477	-0.06630583195256801
1	4	0.69269912894010832	0.28986298630785173	2.64033415307624297	0.00000000000000000	240.36687168514040991	0.89801290372083031	0.07317887483489327	0.28986298630785173	0.00000000000000000	0.00000000000000000	240.36687168514040991	0.06849791155497420
2	4	0.75637224650486312	0.02210461667854471	2.64033415307624297	0.00000000000000000	498.96380328763524403	0.80567334335752216	0.13685199239964807	0.02210461667854471	0.00000000000000000	0.00000000000000000	498.96380328763524403	-0.02384164880833395
3	4	0.75580806081500451	0.36573829792251739	2.64033415307624297	0.00000000000000000	4.26286987704676790	0.77370821593300465	0.13628780670978946	0.36573829792251739	0.00000000000000000	0.00000000000000000	4.26286987704676790	-0.05580677623285146
4	4	0.81898346455996607	0.20086050080978507	2.64033415307624297	0.00000000000000000	123.09898246654790910	0.82031950781472240	0.19946321045475102	0.20086050080978507	0.00000000000000000	0.00000000000000000	123.09898246654790910	-0.00919548435113371
5	4	0.73448156337942527	0.75249709087244676	2.64033415307624297	0.00000000000000000	318.26197747601918309	0.75528177974350841	0.11496130927421022	0.75249709087244676	0.00000000000000000	0.00000000000000000	318.26197747601918309	-0.07423321242234771
6	4	0.74494104741953715	0.13220686757724931	2.64033415307624297	0.00000000000000000	412.41673732945423581	0.93119829420672073	0.12542079331432210	0.13220686757724931	0.00000000000000000	0.00000000000000000	412.41673732945423581	0.10168330204086462
7	4	0.76481886137826349	0.48179902438448885	2.64033415307624297	0.00000000000000000	47.85904173722374821	0.85013151814819043	0.14529860727304844	0.48179902438448885	0.00000000000000000	0.00000000000000000	47.85904173722374821	0.02061652598233432
8	4	0.78683848064998341	0.52239364116814924	2.64033415307624297	0.00000000000000000	558.78293915249082602	0.85643757719817160	0.16731822654476836	0.52239364116814924	0.00000000000000000	0.00000000000000000	558.78293915249082602	0.02692258503231548
9	4	0.78343875057986601	0.15500036452593743	2.64033415307624297	0.00000000000000000	158.59971452375935996	0.86152664784405020	0.16391849647465095	0.15500036452593743	0.00000000000000000	0.00000000000000000	158.59971452375935996	0.03201165567819408
10	4	0.74188518826787531	0.55623424828265899	2.64033415307624297	0.00000000000000000	547.50496200998566110	0.84645419723623749	0.12236493416266025	0.55623424828265899	0.00000000000000000	0.00000000000000000	547.50496200998566110	0.01693920507038138
1	5	0.61441435718830784	0.24711545051595299	2.64033415307624297	0.00000000000000000	109.86518969817925040	0.82740346469915094	-0.00510589691690722	0.24711545051595299	0.00000000000000000	0.00000000000000000	109.86518969817925040	-0.00211152746670518
2	5	0.61729178150364106	0.26076647749314474	2.64033415307624297	0.00000000000000000	98.12844263432361913	0.93428551147767813	-0.00222847260157399	0.26076647749314474	0.00000000000000000	0.00000000000000000	98.12844263432361913	0.10477051931182202
3	5	0.66300002379641110	-0.03476652970732104	2.64033415307624297	0.00000000000000000	59.98443768089862260	0.93353821707206897	0.04347976969119605	-0.03476652970732104	0.00000000000000000	0.00000000000000000	59.98443768089862260	0.10402322490621285
4	5	0.63989848427208607	0.10327691071261386	2.64033415307624297	0.00000000000000000	18.21452548733753218	0.84073921514104999	0.02037823016687101	0.10327691071261386	0.00000000000000000	0.00000000000000000	18.21452548733753218	0.01122422297519388
5	5	0.64355784027373142	-0.15058789663380406	2.64033415307624297	0.00000000000000000	202.38696725067626403	0.93354234487526178	0.02403758616851637	-0.15058789663380406	0.00000000000000000	0.00000000000000000	202.38696725067626403	0.10402735270940566
6	5	0.62335955435619184	0.08409009234669762	2.64033415307624297	0.00000000000000000	374.24137242825884186	0.92124055223095935	0.00383930025097678	0.08409009234669762	0.00000000000000000	0.00000000000000000	374.24137242825884186	0.09172556006510324
7	5	0.62963038360579104	0.13434515078671069	2.64033415307624297	0.00000000000000000	323.29062589508049541	0.90028421507726186	0.01011012950057599	0.13434515078671069	0.00000000000000000	0.00000000000000000	323.29062589508049541	0.07076922291140575
8	5	0.61791971092856235	0.04823268237581324	2.64033415307624297	0.00000000000000000	60.47323136940998722	0.85530082875972757	-0.00160054317665270	0.04823268237581324	0.00000000000000000	0.00000000000000000	60.47323136940998722	0.02578583659387146
9	5	0.61875096809899499	0.15984422688895711	2.64033415307624297	0.00000000000000000	62.51804420066511625	0.83671596095571754	-0.00076928600622006	0.15984422688895711	0.00000000000000000	0.00000000000000000	62.51804420066511625	0.00720096878986143
10	5	0.60740697957967127	0.02429145301536530	2.64033415307624297	0.00000000000000000	438.22712916939366323	0.95060950880427886	-0.01211327452554378	0.02429145301536530	0.00000000000000000	0.00000000000000000	438.22712916939366323	0.12109451663842274
1	6	0.62104064630113043	-0.40277711409952138	2.64033415307624297	0.00000000000000000	252.12960425836735112	0.81082282021388175	0.00152039219591538	-0.40277711409952138	0.00000000000000000	0.00000000000000000	252.12960425836735112	-0.01869217195197437
2	6	0.62556725940419056	-0.19871104088121952	2.64033415307624297	0.00000000000000000	232.65581089743471921	0.79132624837725962	0.00604700529897551	-0.19871104088121952	0.00000000000000000	0.00000000000000000	232.65581089743471921	-0.03818874378859649
3	6	0.60415710190747574	-0.11153113300870005	2.64033415307624297	0.00000000000000000	274.76722044883081253	0.73574618788321144	-0.01536315219773932	-0.11153113300870005	0.00000000000000000	0.00000000000000000	274.76722044883081253	-0.09376880428264467
4	6	0.62627340602524428	0.66342857615579320	2.64033415307624297	0.00000000000000000	167.71574731539780601	0.74380836234078640	0.00675315192002923	0.66342857615579320	0.00000000000000000	0.00000000000000000	167.71574731539780601	-0.08570662982506971
5	6	0.57538549126282679	0.12149811796072785	2.64033415307624297	0.00000000000000000	493.36507951416319884	0.79633873878097683	-0.04413476284238826	0.12149811796072785	0.00000000000000000	0.00000000000000000	493.36507951416319884	-0.03317625338487928
6	6	0.59294246362177860	0.12325664398462313	2.64033415307624297	0.00000000000000000	55.84924533570050897	0.76894418325395120	-0.02657779048343645	0.12325664398462313	0.00000000000000000	0.00000000000000000	55.84924533570050897	-0.06057080891190492
7	6	0.60239522013869140	0.14497740077618482	2.64033415307624297	0.00000000000000000	506.58350357373615225	0.80666479851745554	-0.01712503396652365	0.14497740077618482	0.00000000000000000	0.00000000000000000	506.58350357373615225	-0.02285019364840057
8	6	0.65658953337432002	-0.19572527783215488	2.64033415307624297	0.00000000000000000	437.73029356763066744	0.74607958993619417	0.03706927926910497	-0.19572527783215488	0.00000000000000000	0.00000000000000000	437.73029356763066744	-0.08343540222966195
9	6	0.65171880641841851	0.13562123362874548	2.64033415307624297	0.00000000000000000	309.25096094785925516	0.79098219367395450	0.03219855231320345	0.13562123362874548	0.00000000000000000	0.00000000000000000	309.25096094785925516	-0.03853279849190161
10	6	0.66365106191550460	0.07026191856661190	2.64033415307624297	0.00000000000000000	323.17306212690851908	0.77285434478419879	0.04413080781028955	0.07026191856661190	0.00000000000000000	0.00000000000000000	323.17306212690851908	-0.05666064738165733
1	7	0.39875423747739286	-0.04754634148140621	2.64033415307624297	0.00000000000000000	164.69182385004319258	0.79654872651223085	-0.22076601662782219	-0.04754634148140621	0.00000000000000000	0.00000000000000000	164.69182385004319258	-0.03296626565362526
2	7	0.41642452793889695	-0.22138425306728649	2.64033415307624297	0.00000000000000000	186.04052705420627944	0.78932169072270453	-0.20309572616631810	-0.22138425306728649	0.00000000000000000	0.00000000000000000	186.04052705420627944	-0.04019330144315159
3	7	0.39665837704853835	-0.04113807899886089	2.64033415307624297	0.00000000000000000	295.96268950960438815	0.77880043302585078	-0.22286187705667670	-0.04113807899886089	0.00000000000000000	0.00000000000000000	295.96268950960438815	-0.05071455914000533
4	7	0.38139742214318317	0.34273996705638132	2.64033415307624297	0.00000000000000000	3.48250804802219704	0.68186301334235089	-0.23812283196203188	0.34273996705638132	0.00000000000000000	0.00000000000000000	3.48250804802219704	-0.14765197882350523
5	7	0.42433365530062134	-0.15162118815996811	2.64033415307624297	0.00000000000000000	386.07965985807481957	0.75105223637765350	-0.19518659880459371	-0.15162118815996811	0.00000000000000000	0.00000000000000000	386.07965985807481957	-0.07846275578820261
6	7	0.39700543831002971	0.03419983162500154	2.64033415307624297	0.00000000000000000	459.41105338936893077	0.73405384468350643	-0.22251481579518534	0.03419983162500154	0.00000000000000000	0.00000000000000000	459.41105338936893077	-0.09546114748234968
7	7	0.41327169563683647	0.13966149320639579	2.64033415307624297	0.00000000000000000	148.89692115307721565	0.70350926086574173	-0.20624855846837858	0.13966149320639579	0.00000000000000000	0.00000000000000000	148.89692115307721565	-0.12600573130011439
8	7	0.34730642820519425	0.13858138606289594	2.64033415307624297	0.00000000000000000	144.73423092700159032	0.73065001272352015	-0.27221382590002080	0.13858138606289594	0.00000000000000000	0.00000000000000000	144.73423092700159032	-0.09886497944233597
9	7	0.34030014423356952	0.31430232810551806	2.64033415307624297	0.00000000000000000	216.37853068822897740	0.70988685408996033	-0.27922010987164553	0.31430232810551806	0.00000000000000000	0.00000000000000000	216.37853068822897740	-0.11962813807589578
10	7	0.39447310410235936	0.67375090720286646	2.64033415307624297	0.00000000000000000	291.51196561217352610	0.63580782577960315	-0.22504715000285569	0.67375090720286646	0.00000000000000000	0.00000000000000000	291.51196561217352610	-0.19370716638625296
