rep	id	rhoS	eta_deltaSC	rhoC_pop_value	eta_rhoC	eta_deltaCB	rhoB	eta_rhoS	eta_eta_deltaSC	eta_rhoC_pop_value	eta_eta_rhoC	eta_eta_deltaCB	eta_rhoB
1	1	0.54598937057791896	-0.01352999231746154	2.07468790779165513	0.00000000000000000	0.00000000000000000	-0.28934173724391099	-0.08151092324420339	-0.01352999231746154	0.00000000000000000	0.00000000000000000	0.00000000000000000	0.00000000000000000
2	1	0.58971579934028684	0.02202868299608449	2.07468790779165513	0.00000000000000000	0.00000000000000000	-0.28934173724391099	-0.03778449448183552	0.02202868299608449	0.00000000000000000	0.00000000000000000	0.00000000000000000	0.00000000000000000
3	1	0.60481814811850887	-0.03602542335532453	2.07468790779165513	0.00000000000000000	0.00000000000000000	-0.28934173724391099	-0.02268214570361349	-0.03602542335532453	0.00000000000000000	0.00000000000000000	0.00000000000000000	0.00000000000000000
4	1	0.57429947335560261	-0.01145810274936517	2.07468790779165513	0.00000000000000000	0.00000000000000000	-0.28934173724391099	-0.05320082046651975	-0.01145810274936517	0.00000000000000000	0.00000000000000000	0.00000000000000000	0.00000000000000000
5	1	0.60625977674058074	-0.01056084103861185	2.07468790779165513	0.00000000000000000	0.00000000000000000	-0.28934173724391099	-0.02124051708154162	-0.01056084103861185	0.00000000000000000	0.00000000000000000	0.00000000000000000	0.00000000000000000
6	1	0.62317144558964688	0.04312073630253459	2.07468790779165513	0.00000000000000000	0.00000000000000000	-0.28934173724391099	-0.00432884823247548	0.04312073630253459	0.00000000000000000	0.00000000000000000	0.00000000000000000	0.00000000000000000
7	1	0.63021281197777412	-0.00063290733828312	2.07468790779165513	0.00000000000000000	0.00000000000000000	-0.28934173724391099	0.00271251815565177	-0.00063290733828312	0.00000000000000000	0.00000000000000000	0.00000000000000000	0.00000000000000000
8	1	0.58646352821460168	0.10743939474656805	2.07468790779165513	0.00000000000000000	0.00000000000000000	-0.28934173724391099	-0.04103676560752068	0.10743939474656805	0.00000000000000000	0.00000000000000000	0.00000000000000000	0.00000000000000000
9	1	0.61818209767407672	-0.04873938293987622	2.07468790779165513	0.00000000000000000	0.00000000000000000	-0.28934173724391099	-0.00931819614804563	-0.04873938293987622	0.00000000000000000	0.00000000000000000	0.00000000000000000	0.00000000000000000
10	1	0.57404119251113650	0.03121848258843798	2.07468790779165513	0.00000000000000000	0.00000000000000000	-0.28934173724391099	-0.05345910131098586	0.03121848258843798	0.00000000000000000	0.00000000000000000	0.00000000000000000	0.00000000000000000
1	2	0.79240340561724165	0.01132890895700138	2.07468790779165513	0.00000000000000000	0.00000000000000000	-0.28934173724391099	0.16490311179511929	0.01132890895700138	0.00000000000000000	0.00000000000000000	0.00000000000000000	0.00000000000000000
2	2	0.71443209912450834	0.00689898023138345	2.07468790779165513	0.00000000000000000	0.00000000000000000	-0.28934173724391099	0.08693180530238598	0.00689898023138345	0.00000000000000000	0.00000000000000000	0.00000000000000000	0.00000000000000000
3	2	0.78935851994996742	0.01185729960554819	2.07468790779165513	0.00000000000000000	0.00000000000000000	-0.28934173724391099	0.16185822612784506	0.01185729960554819	0.00000000000000000	0.00000000000000000	0.00000000000000000	0.00000000000000000
4	2	0.72630712928290087	-0.01597130792868790	2.07468790779165513	0.00000000000000000	0.00000000000000000	-0.28934173724391099	0.09880683546077851	-0.01597130792868790	0.00000000000000000	0.00000000000000000	0.00000000000000000	0.00000000000000000
5	2	0.75761168004742652	0.01123405884590811	2.07468790779165513	0.00000000000000000	0.00000000000000000	-0.28934173724391099	0.13011138622530416	0.01123405884590811	0.00000000000000000	0.00000000000000000	0.00000000000000000	0.00000000000000000
6	2	0.78001310947571356	-0.07880486878180853	2.07468790779165513	0.00000000000000000	0.00000000000000000	-0.28934173724391099	0.15251281565359120	-0.07880486878180853	0.00000000000000000	0.00000000000000000	0.00000000000000000	0.00000000000000000
7	2	0.74332449210995721	0.02371284134300109	2.07468790779165513	0.00000000000000000	0.00000000000000000	-0.28934173724391099	0.11582419828783486	0.02371284134300109	0.00000000000000000	0.00000000000000000	0.00000000000000000	0.00000000000000000
8	2	0.77979541799278407	0.04980586237741179	2.07468790779165513	0.00000000000000000	0.00000000000000000	-0.28934173724391099	0.15229512417066171	0.04980586237741179	0.00000000000000000	0.00000000000000000	0.00000000000000000	0.00000000000000000
9	2	0.78778950349229671	0.03834056672993658	2.07468790779165513	0.00000000000000000	0.00000000000000000	-0.28934173724391099	0.16028920967017435	0.03834056672993658	0.00000000000000000	0.00000000000000000	0.00000000000000000	0.00000000000000000
10	2	0.81109885152370809	-0.01621566531870110	2.07468790779165513	0.00000000000000000	0.00000000000000000	-0.28934173724391099	0.18359855770158573	-0.01621566531870110	0.00000000000000000	0.00000000000000000	0.00000000000000000	0.00000000000000000
1	3	0.50294371192792142	-0.04152388706544986	2.07468790779165513	0.00000000000000000	0.00000000000000000	-0.28934173724391099	-0.12455658189420094	-0.04152388706544986	0.00000000000000000	0.00000000000000000	0.00000000000000000	0.00000000000000000
2	3	0.58389557967385552	-0.01789086110453474	2.07468790779165513	0.00000000000000000	0.00000000000000000	-0.28934173724391099	-0.04360471414826683	-0.01789086110453474	0.00000000000000000	0.00000000000000000	0.00000000000000000	0.00000000000000000
3	3	0.56537894487352047	0.00425660890061434	2.07468790779165513	0.00000000000000000	0.00000000000000000	-0.28934173724391099	-0.06212134894860188	0.00425660890061434	0.00000000000000000	0.00000000000000000	0.00000000000000000	0.00000000000000000
4	3	0.62318393102241121	0.04342812715716196	2.07468790779165513	0.00000000000000000	0.00000000000000000	-0.28934173724391099	-0.00431636279971115	0.04342812715716196	0.00000000000000000	0.00000000000000000	0.00000000000000000	0.00000000000000000
5	3	0.58033574127631449	0.06820582239253579	2.07468790779165513	0.00000000000000000	0.00000000000000000	-0.28934173724391099	-0.04716455254580787	0.06820582239253579	0.00000000000000000	0.00000000000000000	0.00000000000000000	0.00000000000000000
6	3	0.56694932761883565	0.01435584442151630	2.07468790779165513	0.00000000000000000	0.00000000000000000	-0.28934173724391099	-0.06055096620328670	0.01435584442151630	0.00000000000000000	0.00000000000000000	0.00000000000000000	0.00000000000000000
7	3	0.54189434464496899	-0.05487659737321852	2.07468790779165513	0.00000000000000000	0.00000000000000000	-0.28934173724391099	-0.08560594917715336	-0.05487659737321852	0.00000000000000000	0.00000000000000000	0.00000000000000000	0.00000000000000000
8	3	0.54762050659244410	0.00994057428172204	2.07468790779165513	0.00000000000000000	0.00000000000000000	-0.28934173724391099	-0.07987978722967826	0.00994057428172204	0.00000000000000000	0.00000000000000000	0.00000000000000000	0.00000000000000000
9	3	0.60606660600336115	-0.02745230115046150	2.07468790779165513	0.00000000000000000	0.00000000000000000	-0.28934173724391099	-0.02143368781876120	-0.02745230115046150	0.00000000000000000	0.00000000000000000	0.00000000000000000	0.00000000000000000
10	3	0.55037001293256904	-0.02285692211111923	2.07468790779165513	0.00000000000000000	0.00000000000000000	-0.28934173724391099	-0.07713028088955332	-0.02285692211111923	0.00000000000000000	0.00000000000000000	0.00000000000000000	0.00000000000000000
1	4	0.71705060072924187	-0.04000633998889456	2.07468790779165513	0.00000000000000000	0.00000000000000000	-0.28934173724391099	0.08955030690711951	-0.04000633998889456	0.00000000000000000	0.00000000000000000	0.00000000000000000	0.00000000000000000
2	4	0.75240570121388872	-0.03991690336976184	2.07468790779165513	0.00000000000000000	0.00000000000000000	-0.28934173724391099	0.12490540739176637	-0.03991690336976184	0.00000000000000000	0.00000000000000000	0.00000000000000000	0.00000000000000000
3	4	0.73467950389108505	-0.01590868214854120	2.07468790779165513	0.00000000000000000	0.00000000000000000	-0.28934173724391099	0.10717921006896269	-0.01590868214854120	0.00000000000000000	0.00000000000000000	0.00000000000000000	0.00000000000000000
4	4	0.73624680997267955	-0.00597954633273910	2.07468790779165513	0.00000000000000000	0.00000000000000000	-0.28934173724391099	0.10874651615055719	-0.00597954633273910	0.00000000000000000	0.00000000000000000	0.00000000000000000	0.00000000000000000
5	4	0.73817632694644841	0.03498365261990101	2.07468790779165513	0.00000000000000000	0.00000000000000000	-0.28934173724391099	0.11067603312432606	0.03498365261990101	0.00000000000000000	0.00000000000000000	0.00000000000000000	0.00000000000000000
6	4	0.73959479728764888	-0.00543395461996205	2.07468790779165513	0.00000000000000000	0.00000000000000000	-0.28934173724391099	0.11209450346552652	-0.00543395461996205	0.00000000000000000	0.00000000000000000	0.00000000000000000	0.00000000000000000
7	4	0.73932768202829413	-0.00976194740944096	2.07468790779165513	0.00000000000000000	0.00000000000000000	-0.28934173724391099	0.11182738820617177	-0.00976194740944096	0.00000000000000000	0.00000000000000000	0.00000000000000000	0.00000000000000000
8	4	0.74926713451373550	-0.00089262549252841	2.07468790779165513	0.00000000000000000	0.00000000000000000	-0.28934173724391099	0.12176684069161314	-0.00089262549252841	0.00000000000000000	0.00000000000000000	0.00000000000000000	0.00000000000000000
9	4	0.76965394632101969	0.03346614556416430	2.07468790779165513	0.00000000000000000	0.00000000000000000	-0.28934173724391099	0.14215365249889733	0.03346614556416430	0.00000000000000000	0.00000000000000000	0.00000000000000000	0.00000000000000000
10	4	0.72588524410002853	-0.01662148679906229	2.07468790779165513	0.00000000000000000	0.00000000000000000	-0.28934173724391099	0.09838495027790617	-0.01662148679906229	0.00000000000000000	0.00000000000000000	0.00000000000000000	0.00000000000000000
1	5	0.61779231449908500	-0.00824205724758179	2.07468790779165513	0.00000000000000000	0.00000000000000000	-0.28934173724391099	-0.00970797932303735	-0.00824205724758179	0.00000000000000000	0.00000000000000000	0.00000000000000000	0.00000000000000000
2	5	0.69909284318700238	0.04954203800343832	2.07468790779165513	0.00000000000000000	0.00000000000000000	-0.28934173724391099	0.07159254936488002	0.04954203800343832	0.00000000000000000	0.00000000000000000	0.00000000000000000	0.00000000000000000
3	5	0.66258044731621646	0.04329106093110403	2.07468790779165513	0.00000000000000000	0.00000000000000000	-0.28934173724391099	0.03508015349409410	0.04329106093110403	0.00000000000000000	0.00000000000000000	0.00000000000000000	0.00000000000000000
4	5	0.70852008404967415	-0.00346689574514869	2.07468790779165513	0.00000000000000000	0.00000000000000000	-0.28934173724391099	0.08101979022755179	-0.00346689574514869	0.00000000000000000	0.00000000000000000	0.00000000000000000	0.00000000000000000
5	5	0.69974751125657575	-0.03899523865140234	2.07468790779165513	0.00000000000000000	0.00000000000000000	-0.28934173724391099	0.07224721743445339	-0.03899523865140234	0.00000000000000000	0.00000000000000000	0.00000000000000000	0.00000000000000000
6	5	0.67221446642649130	0.04588266953697664	2.07468790779165513	0.00000000000000000	0.00000000000000000	-0.28934173724391099	0.04471417260436894	0.04588266953697664	0.00000000000000000	0.00000000000000000	0.00000000000000000	0.00000000000000000
7	5	0.66079786973915378	-0.05549932043101019	2.07468790779165513	0.00000000000000000	0.00000000000000000	-0.28934173724391099	0.03329757591703142	-0.05549932043101019	0.00000000000000000	0.00000000000000000	0.00000000000000000	0.00000000000000000
8	5	0.64347305458978721	-0.06063514405646139	2.07468790779165513	0.00000000000000000	0.00000000000000000	-0.28934173724391099	0.01597276076766485	-0.06063514405646139	0.00000000000000000	0.00000000000000000	0.00000000000000000	0.00000000000000000
9	5	0.67786944557084927	-0.02177723045064144	2.07468790779165513	0.00000000000000000	0.00000000000000000	-0.28934173724391099	0.05036915174872691	-0.02177723045064144	0.00000000000000000	0.00000000000000000	0.00000000000000000	0.00000000000000000
10	5	0.64688213016332663	0.03641295899838334	2.07468790779165513	0.00000000000000000	0.00000000000000000	-0.28934173724391099	0.01938183634120427	0.03641295899838334	0.00000000000000000	0.00000000000000000	0.00000000000000000	0.00000000000000000
1	6	0.66802411391145367	0.03802783710924439	2.07468790779165513	0.00000000000000000	0.00000000000000000	-0.28934173724391099	0.04052382008933131	0.03802783710924439	0.00000000000000000	0.00000000000000000	0.00000000000000000	0.00000000000000000
2	6	0.60269444275453798	0.02839855198877315	2.07468790779165513	0.00000000000000000	0.00000000000000000	-0.28934173724391099	-0.02480585106758437	0.02839855198877315	0.00000000000000000	0.00000000000000000	0.00000000000000000	0.00000000000000000
3	6	0.58438429638676936	0.01861762753540941	2.07468790779165513	0.00000000000000000	0.00000000000000000	-0.28934173724391099	-0.04311599743535299	0.01861762753540941	0.00000000000000000	0.00000000000000000	0.00000000000000000	0.00000000000000000
4	6	0.61487792124532847	-0.00598173076435841	2.07468790779165513	0.00000000000000000	0.00000000000000000	-0.28934173724391099	-0.01262237257679388	-0.00598173076435841	0.00000000000000000	0.00000000000000000	0.00000000000000000	0.00000000000000000
5	6	0.64933116609053376	0.01031708401258991	2.07468790779165513	0.00000000000000000	0.00000000000000000	-0.28934173724391099	0.02183087226841141	0.01031708401258991	0.00000000000000000	0.00000000000000000	0.00000000000000000	0.00000000000000000
6	6	0.59574674001640349	-0.04697816380027028	2.07468790779165513	0.00000000000000000	0.00000000000000000	-0.28934173724391099	-0.03175355380571887	-0.04697816380027028	0.00000000000000000	0.00000000000000000	0.00000000000000000	0.00000000000000000
7	6	0.63469112051252019	-0.02976063820241575	2.07468790779165513	0.00000000000000000	0.00000000000000000	-0.28934173724391099	0.00719082669039783	-0.02976063820241575	0.00000000000000000	0.00000000000000000	0.00000000000000000	0.00000000000000000
8	6	0.62139240187274114	-0.03114560502706773	2.07468790779165513	0.00000000000000000	0.00000000000000000	-0.28934173724391099	-0.00610789194938122	-0.03114560502706773	0.00000000000000000	0.00000000000000000	0.00000000000000000	0.00000000000000000
9	6	0.64411106897804193	0.04437513401846303	2.07468790779165513	0.00000000000000000	0.00000000000000000	-0.28934173724391099	0.01661077515591958	0.04437513401846303	0.00000000000000000	0.00000000000000000	0.00000000000000000	0.00000000000000000
10	6	0.64708604977972384	0.01355293615599364	2.07468790779165513	0.00000000000000000	0.00000000000000000	-0.28934173724391099	0.01958575595760148	0.01355293615599364	0.00000000000000000	0.00000000000000000	0.00000000000000000	0.00000000000000000
1	7	0.39116256842969632	-0.02541740300301362	2.07468790779165513	0.00000000000000000	0.00000000000000000	-0.28934173724391099	-0.23633772539242603	-0.02541740300301362	0.00000000000000000	0.00000000000000000	0.00000000000000000	0.00000000000000000
2	7	0.35090902088791598	-0.03157728961029955	2.07468790779165513	0.00000000000000000	0.00000000000000000	-0.28934173724391099	-0.27659127293420638	-0.03157728961029955	0.00000000000000000	0.00000000000000000	0.00000000000000000	0.00000000000000000
3	7	0.36326702585450260	0.01121428699811233	2.07468790779165513	0.00000000000000000	0.00000000000000000	-0.28934173724391099	-0.26423326796761976	0.01121428699811233	0.00000000000000000	0.00000000000000000	0.00000000000000000	0.00000000000000000
4	7	0.35310113590662839	-0.01667186220674986	2.07468790779165513	0.00000000000000000	0.00000000000000000	-0.28934173724391099	-0.27439915791549396	-0.01667186220674986	0.00000000000000000	0.00000000000000000	0.00000000000000000	0.00000000000000000
5	7	0.35868377923714895	-0.05431002678495431	2.07468790779165513	0.00000000000000000	0.00000000000000000	-0.28934173724391099	-0.26881651458497341	-0.05431002678495431	0.00000000000000000	0.00000000000000000	0.00000000000000000	0.00000000000000000
6	7	0.39239573615758461	0.04173362423438084	2.07468790779165513	0.00000000000000000	0.00000000000000000	-0.28934173724391099	-0.23510455766453775	0.04173362423438084	0.00000000000000000	0.00000000000000000	0.00000000000000000	0.00000000000000000
7	7	0.35348164629766887	-0.08180387057303264	2.07468790779165513	0.00000000000000000	0.00000000000000000	-0.28934173724391099	-0.27401864752445348	-0.08180387057303264	0.00000000000000000	0.00000000000000000	0.00000000000000000	0.00000000000000000
8	7	0.40095338586020424	0.01594369918163582	2.07468790779165513	0.00000000000000000	0.00000000000000000	-0.28934173724391099	-0.22654690796191812	0.01594369918163582	0.00000000000000000	0.00000000000000000	0.00000000000000000	0.00000000000000000
9	7	0.39320006227154902	-0.03048229904707332	2.07468790779165513	0.00000000000000000	0.00000000000000000	-0.28934173724391099	-0.23430023155057333	-0.03048229904707332	0.00000000000000000	0.00000000000000000	0.00000000000000000	0.00000000000000000
10	7	0.38134083614075315	-0.07292643329877652	2.07468790779165513	0.00000000000000000	0.00000000000000000	-0.28934173724391099	-0.24615945768136921	-0.07292643329877652	0.00000000000000000	0.00000000000000000	0.00000000000000000	0.00000000000000000
