rep	id	rhoS	eta_deltaSC	rhoC_pop_value	eta_rhoC	eta_deltaCB	rhoB	eta_rhoS	eta_eta_deltaSC	eta_rhoC_pop_value	eta_eta_rhoC	eta_eta_deltaCB	eta_rhoB
1	1	0.62815307746808224	-0.01381111571624394	3.98662182967743695	0.03451173970896398	0.16953210316671952	0.24554486775793796	0.01514149370086060	-0.01381111571624394	0.00000000000000000	0.03451173970896398	0.16953210316671952	0.00000000000000000
2	1	0.64165112315484729	-0.60171640472303467	3.98662182967743695	0.01964627241785671	0.05261390115856818	0.24554486775793796	0.02863953938762565	-0.60171640472303467	0.00000000000000000	0.01964627241785671	0.05261390115856818	0.00000000000000000
3	1	0.57150503521677654	-0.40660496397844215	3.98662182967743695	0.09940067143453843	-0.03674856299728785	0.24554486775793796	-0.04150654855044511	-0.40660496397844215	0.00000000000000000	0.09940067143453843	-0.03674856299728785	0.00000000000000000
4	1	0.59562895142474759	-0.23562727037993042	3.98662182967743695	-0.01485945749015637	-0.05646825588333679	0.24554486775793796	-0.01738263234247406	-0.23562727037993042	0.00000000000000000	-0.01485945749015637	-0.05646825588333679	0.00000000000000000
5	1	0.58192332679118042	-0.36530799419092386	3.98662182967743695	-0.16062180078519997	0.08787308657575672	0.24554486775793796	-0.03108825697604123	-0.36530799419092386	0.00000000000000000	-0.16062180078519997	0.08787308657575672	0.00000000000000000
6	1	0.59153141019046218	-0.28303306735964223	3.98662182967743695	-0.06011052660316735	0.01289653568923912	0.24554486775793796	-0.02148017357675946	-0.28303306735964223	0.00000000000000000	-0.06011052660316735	0.01289653568923912	0.00000000000000000
7	1	0.55777158244389413	-0.21167106221869525	3.98662182967743695	0.19113265857610970	0.10506658496164575	0.24554486775793796	-0.05524000132332751	-0.21167106221869525	0.00000000000000000	0.19113265857610970	0.10506658496164575	0.00000000000000000
8	1	0.59089645871144036	-0.07985683134683159	3.98662182967743695	-0.08515854260291660	0.06048784936103761	0.24554486775793796	-0.02211512505578128	-0.07985683134683159	0.00000000000000000	-0.08515854260291660	0.06048784936103761	0.00000000000000000
9	1	0.66783349293120342	-0.48778758614661211	3.98662182967743695	-0.03845505767569275	0.06082060692729492	0.24554486775793796	0.05482190916398177	-0.48778758614661211	0.00000000000000000	-0.03845505767569275	0.06082060692729492	0.00000000000000000
10	1	0.59470173284418537	-0.35354587677065236	3.98662182967743695	-0.01191747185483627	0.04101438741335919	0.24554486775793796	-0.01830985092303627	-0.35354587677065236	0.00000000000000000	-0.01191747185483627	0.04101438741335919	0.00000000000000000
1	2	0.73534758762360908	0.08508974458539342	3.98662182967743695	0.02722143297075624	-0.09209455138089731	0.24554486775793796	0.12233600385638743	0.08508974458539342	0.00000000000000000	0.02722143297075624	-0.09209455138089731	0.00000000000000000
2	2	0.73080166318611217	0.33731907473724876	3.98662182967743695	-0.14412312629800894	-0.07955695419205797	0.24554486775793796	0.11779007941889053	0.33731907473724876	0.00000000000000000	-0.14412312629800894	-0.07955695419205797	0.00000000000000000
3	2	0.76764685835650359	0.28834887130266401	3.98662182967743695	-0.17367241463053465	-0.11881854949093867	0.24554486775793796	0.15463527458928195	0.28834887130266401	0.00000000000000000	-0.17367241463053465	-0.11881854949093867	0.00000000000000000
4	2	0.73232013609673718	-0.12100962834167739	3.98662182967743695	0.22099329341411339	-0.04299248642092747	0.24554486775793796	0.11930855232951554	-0.12100962834167739	0.00000000000000000	0.22099329341411339	-0.04299248642092747	0.00000000000000000
5	2	0.75377567652207500	0.41039975301482434	3.98662182967743695	-0.16885524983772671	-0.05300027036978284	0.24554486775793796	0.14076409275485335	0.41039975301482434	0.00000000000000000	-0.16885524983772671	-0.05300027036978284	0.00000000000000000
6	2	0.73500081503960357	-0.07380695774607492	3.98662182967743695	-0.03939705293083579	-0.10122591317380894	0.24554486775793796	0.12198923127238193	-0.07380695774607492	0.00000000000000000	-0.03939705293083579	-0.10122591317380894	0.00000000000000000
7	2	0.73663113286310811	0.44878074749068619	3.98662182967743695	0.08326855037985981	0.00031553843361013	0.24554486775793796	0.12361954909588646	0.44878074749068619	0.00000000000000000	0.08326855037985981	0.00031553843361013	0.00000000000000000
8	2	0.81821307593457537	-0.04740313897213247	3.98662182967743695	-0.08402393943957170	-0.04411623106752924	0.24554486775793796	0.20520149216735373	-0.04740313897213247	0.00000000000000000	-0.08402393943957170	-0.04411623106752924	0.00000000000000000
9	2	0.73657994474666089	-0.00609602586405809	3.98662182967743695	-0.13092858346110953	-0.05456297048342089	0.24554486775793796	0.12356836097943924	-0.00609602586405809	0.00000000000000000	-0.13092858346110953	-0.05456297048342089	0.00000000000000000
10	2	0.78176173129773496	0.19732714168809135	3.98662182967743695	-0.04787354852199890	0.03100549049455947	0.24554486775793796	0.16875014753051332	0.19732714168809135	0.00000000000000000	-0.04787354852199890	0.03100549049455947	0.00000000000000000
1	3	0.56741116971724115	-0.16150367393601253	3.98662182967743695	0.16299041285343521	0.04904898813754836	0.24554486775793796	-0.04560041404998050	-0.16150367393601253	0.00000000000000000	0.16299041285343521	0.04904898813754836	0.00000000000000000
2	3	0.57338648522618463	-0.00950777269281064	3.98662182967743695	-0.03539531782632623	-0.01866456609412313	0.24554486775793796	-0.03962509854103702	-0.00950777269281064	0.00000000000000000	-0.03539531782632623	-0.01866456609412313	0.00000000000000000
3	3	0.57708950500436995	0.07797780676832861	3.98662182967743695	-0.02020326047390263	0.01264329736038833	0.24554486775793796	-0.03592207876285169	0.07797780676832861	0.00000000000000000	-0.02020326047390263	0.01264329736038833	0.00000000000000000
4	3	0.55744066435257222	0.07307045847116170	3.98662182967743695	-0.01121039003567072	-0.09660810142202612	0.24554486775793796	-0.05557091941464942	0.07307045847116170	0.00000000000000000	-0.01121039003567072	-0.09660810142202612	0.00000000000000000
5	3	0.60242128109048088	0.01480164521835584	3.98662182967743695	-0.02775253720236735	-0.00169348656227582	0.24554486775793796	-0.01059030267674077	0.01480164521835584	0.00000000000000000	-0.02775253720236735	-0.00169348656227582	0.00000000000000000
6	3	0.60836255119499838	0.61185377105169070	3.98662182967743695	-0.10087440353383925	0.04155389975015240	0.24554486775793796	-0.00464903257222327	0.61185377105169070	0.00000000000000000	-0.10087440353383925	0.04155389975015240	0.00000000000000000
7	3	0.57980201187013491	0.03372530595065205	3.98662182967743695	0.02004461339573802	0.00300817956170207	0.24554486775793796	-0.03320957189708673	0.03372530595065205	0.00000000000000000	0.02004461339573802	0.00300817956170207	0.00000000000000000
8	3	0.56780461081266553	-0.00749875068630215	3.98662182967743695	-0.00154871378715785	0.01972964614498423	0.24554486775793796	-0.04520697295455611	-0.00749875068630215	0.00000000000000000	-0.00154871378715785	0.01972964614498423	0.00000000000000000
9	3	0.55605452136368461	-0.08064251176164139	3.98662182967743695	-0.12372502464328279	-0.09368236485716638	0.24554486775793796	-0.05695706240353704	-0.08064251176164139	0.00000000000000000	-0.12372502464328279	-0.09368236485716638	0.00000000000000000
10	3	0.59342768757952713	-0.02048338241768588	3.98662182967743695	-0.18133710588294891	-0.04985061446209863	0.24554486775793796	-0.01958389618769452	-0.02048338241768588	0.00000000000000000	-0.18133710588294891	-0.04985061446209863	0.00000000000000000
1	4	0.77709589407983837	-0.03976149658370552	3.98662182967743695	-0.04919352657269813	-0.05593278915727583	0.24554486775793796	0.16408431031261672	-0.03976149658370552	0.00000000000000000	-0.04919352657269813	-0.05593278915727583	0.00000000000000000
2	4	0.72678598988153376	0.25499208996027245	3.98662182967743695	0.18300376774647326	0.01423787757667806	0.24554486775793796	0.11377440611431211	0.25499208996027245	0.00000000000000000	0.18300376774647326	0.01423787757667806	0.00000000000000000
3	4	0.78470572251074211	0.19660754691713714	3.98662182967743695	-0.07509349284363570	-0.02542313076543525	0.24554486775793796	0.17169413874352046	0.19660754691713714	0.00000000000000000	-0.07509349284363570	-0.02542313076543525	0.00000000000000000
4	4	0.71411861212649264	0.11787009405007853	3.98662182967743695	-0.00571771802112765	-0.02416737903001057	0.24554486775793796	0.10110702835927099	0.11787009405007853	0.00000000000000000	-0.00571771802112765	-0.02416737903001057	0.00000000000000000
5	4	0.73855027924507644	0.47797896145489344	3.98662182967743695	0.00370822620658262	0.04731536531354828	0.24554486775793796	0.12553869547785479	0.47797896145489344	0.00000000000000000	0.00370822620658262	0.04731536531354828	0.00000000000000000
6	4	0.73206200266592392	0.20216513879991940	3.98662182967743695	0.00476543190117574	-0.01392220319804609	0.24554486775793796	0.11905041889870227	0.20216513879991940	0.00000000000000000	0.00476543190117574	-0.01392220319804609	0.00000000000000000
7	4	0.67768003079188255	0.56530121123781596	3.98662182967743695	0.01978553842873231	0.00611380357227664	0.24554486775793796	0.06466844702466090	0.56530121123781596	0.00000000000000000	0.01978553842873231	0.00611380357227664	0.00000000000000000
8	4	0.75221643370427016	0.36797129374637860	3.98662182967743695	0.04352384776989507	0.05376484371854278	0.24554486775793796	0.13920484993704851	0.36797129374637860	0.00000000000000000	0.04352384776989507	0.05376484371854278	0.00000000000000000
9	4	0.71973980884880473	0.36076629077197458	3.98662182967743695	0.01760500119265192	0.03754987066960180	0.24554486775793796	0.10672822508158308	0.36076629077197458	0.00000000000000000	0.01760500119265192	0.03754987066960180	0.00000000000000000
10	4	0.75474888847126165	0.21697683508156210	3.98662182967743695	0.01068377866595815	0.03160576844024645	0.24554486775793796	0.14173730470404000	0.21697683508156210	0.00000000000000000	0.01068377866595815	0.03160576844024645	0.00000000000000000
1	5	0.57856674863627833	0.07546992503572150	3.98662182967743695	-0.06715610483572781	-0.19924459897387181	0.24554486775793796	-0.03444483513094332	0.07546992503572150	0.00000000000000000	-0.06715610483572781	-0.19924459897387181	0.00000000000000000
2	5	0.65149781099554516	-0.06698767178951209	3.98662182967743695	-0.08478105036365832	-0.18520902903828429	0.24554486775793796	0.03848622722832351	-0.06698767178951209	0.00000000000000000	-0.08478105036365832	-0.18520902903828429	0.00000000000000000
3	5	0.58435479559079062	0.21580114459692695	3.98662182967743695	0.06253697367454222	-0.12867260011190984	0.24554486775793796	-0.02865678817643103	0.21580114459692695	0.00000000000000000	0.06253697367454222	-0.12867260011190984	0.00000000000000000
4	5	0.65537974332865245	-0.30407714833172383	3.98662182967743695	-0.03626117172697498	-0.18517088863457137	0.24554486775793796	0.04236815956143081	-0.30407714833172383	0.00000000000000000	-0.03626117172697498	-0.18517088863457137	0.00000000000000000
5	5	0.60968670083860099	-0.16335232976823066	3.98662182967743695	0.07453617923293826	-0.16234133063460629	0.24554486775793796	-0.00332488292862065	-0.16335232976823066	0.00000000000000000	0.07453617923293826	-0.16234133063460629	0.00000000000000000
6	5	0.58349631337774033	-0.12013008625717320	3.98662182967743695	0.11711188111239433	-0.16886774269546559	0.24554486775793796	-0.02951527038948132	-0.12013008625717320	0.00000000000000000	0.11711188111239433	-0.16886774269546559	0.00000000000000000
7	5	0.63053699067721036	-0.29580695366299015	3.98662182967743695	0.05990012349446296	-0.15238636771230712	0.24554486775793796	0.01752540690998872	-0.29580695366299015	0.00000000000000000	0.05990012349446296	-0.15238636771230712	0.00000000000000000
8	5	0.62039425390567426	0.07764429693411279	3.98662182967743695	0.16661781800274253	-0.07425714856386387	0.24554486775793796	0.00738267013845262	0.07764429693411279	0.00000000000000000	0.16661781800274253	-0.07425714856386387	0.00000000000000000
9	5	0.64505945609530524	0.07391526989402455	3.98662182967743695	0.26072842778903776	-0.12155788275312578	0.24554486775793796	0.03204787232808359	0.07391526989402455	0.00000000000000000	0.26072842778903776	-0.12155788275312578	0.00000000000000000
10	5	0.66010164230282498	0.13395720770869507	3.98662182967743695	0.11347620006351634	-0.06044451739711368	0.24554486775793796	0.04709005853560333	0.13395720770869507	0.00000000000000000	0.11347620006351634	-0.06044451739711368	0.00000000000000000
1	6	0.59615754569493284	-0.24470783385546555	3.98662182967743695	0.06007549625049102	0.03863410586245373	0.24554486775793796	-0.01685403807228880	-0.24470783385546555	0.00000000000000000	0.06007549625049102	0.03863410586245373	0.00000000000000000
2	6	0.55614670509006670	-0.02730421370693388	3.98662182967743695	0.00455513126637708	0.07317588445995070	0.24554486775793796	-0.05686487867715495	-0.02730421370693388	0.00000000000000000	0.00455513126637708	0.07317588445995070	0.00000000000000000
3	6	0.60234826883059889	0.06751314947000597	3.98662182967743695	-0.14763563546761371	0.03347964148255615	0.24554486775793796	-0.01066331493662276	0.06751314947000597	0.00000000000000000	-0.14763563546761371	0.03347964148255615	0.00000000000000000
4	6	0.56142958453033820	-0.12709600267383186	3.98662182967743695	0.08175943868678888	0.05147228389043195	0.24554486775793796	-0.05158199923688345	-0.12709600267383186	0.00000000000000000	0.08175943868678888	0.05147228389043195	0.00000000000000000
5	6	0.56996854702300426	-0.08350004781433920	3.98662182967743695	0.04549471011971466	-0.00912610123054638	0.24554486775793796	-0.04304303674421739	-0.08350004781433920	0.00000000000000000	0.04549471011971466	-0.00912610123054638	0.00000000000000000
6	6	0.64110044312234649	-0.02335244912817347	3.98662182967743695	-0.05633605921467152	0.00062577693075428	0.24554486775793796	0.02808885935512484	-0.02335244912817347	0.00000000000000000	-0.05633605921467152	0.00062577693075428	0.00000000000000000
7	6	0.55837337858080327	-0.14190720492976222	3.98662182967743695	-0.14077348073950965	-0.05936973907822131	0.24554486775793796	-0.05463820518641838	-0.14190720492976222	0.00000000000000000	-0.14077348073950965	-0.05936973907822131	0.00000000000000000
8	6	0.59982599378272494	0.01047101287489072	3.98662182967743695	0.12423708430419490	0.18618961721806421	0.24554486775793796	-0.01318558998449670	0.01047101287489072	0.00000000000000000	0.12423708430419490	0.18618961721806421	0.00000000000000000
9	6	0.61202881145277932	-0.14980481743922403	3.98662182967743695	0.12237721772429618	0.01029766691122834	0.24554486775793796	-0.00098277231444233	-0.14980481743922403	0.00000000000000000	0.12237721772429618	0.01029766691122834	0.00000000000000000
10	6	0.63507348412765363	0.11828779122065408	3.98662182967743695	-0.02899110257848262	0.10154186683664597	0.24554486775793796	0.02206190036043199	0.11828779122065408	0.00000000000000000	-0.02899110257848262	0.10154186683664597	0.00000000000000000
1	7	0.38145030754769982	-0.25840866475203927	3.98662182967743695	0.01610843671637133	-0.01187049801327445	0.24554486775793796	-0.23156127621952183	-0.25840866475203927	0.00000000000000000	0.01610843671637133	-0.01187049801327445	0.00000000000000000
2	7	0.36713289519826225	0.03277709807525465	3.98662182967743695	-0.03918743572312870	0.01866468697451314	0.24554486775793796	-0.24587868856895939	0.03277709807525465	0.00000000000000000	-0.03918743572312870	0.01866468697451314	0.00000000000000000
3	7	0.33634381935216073	-0.01431338363630264	3.98662182967743695	-0.03639747758422106	0.02204012627505517	0.24554486775793796	-0.27666776441506091	-0.01431338363630264	0.00000000000000000	-0.03639747758422106	0.02204012627505517	0.00000000000000000
4	7	0.34816751322378753	-0.24057069589808394	3.98662182967743695	0.00454871618988323	0.00429453179911590	0.24554486775793796	-0.26484407054343412	-0.24057069589808394	0.00000000000000000	0.00454871618988323	0.00429453179911590	0.00000000000000000
5	7	0.39628649087600948	-0.11120423254071186	3.98662182967743695	-0.14535653978180754	0.05484245826744504	0.24554486775793796	-0.21672509289121217	-0.11120423254071186	0.00000000000000000	-0.14535653978180754	0.05484245826744504	0.00000000000000000
6	7	0.40138080503374318	0.03265412582967378	3.98662182967743695	-0.06780185980230445	0.07946267324334159	0.24554486775793796	-0.21163077873347846	0.03265412582967378	0.00000000000000000	-0.06780185980230445	0.07946267324334159	0.00000000000000000
7	7	0.35236131064529097	-0.19887580311510134	3.98662182967743695	0.01273264717735167	0.00876408600047846	0.24554486775793796	-0.26065027312193068	-0.19887580311510134	0.00000000000000000	0.01273264717735167	0.00876408600047846	0.00000000000000000
8	7	0.37497386565244156	-0.09251047372420979	3.98662182967743695	-0.29874902383897239	-0.00957339343676461	0.24554486775793796	-0.23803771811478008	-0.09251047372420979	0.00000000000000000	-0.29874902383897239	-0.00957339343676461	0.00000000000000000
9	7	0.39744480424334294	0.12964521212924945	3.98662182967743695	-0.12920974046390918	0.05733115296327999	0.24554486775793796	-0.21556677952387870	0.12964521212924945	0.00000000000000000	-0.12920974046390918	0.05733115296327999	0.00000000000000000
10	7	0.34742409459406565	0.00836434872347630	3.98662182967743695	-0.05403581955889557	0.01283309132898534	0.24554486775793796	-0.26558748917315600	0.00836434872347630	0.00000000000000000	-0.05403581955889557	0.01283309132898534	0.00000000000000000
