rep	id	rhoS	eta_deltaSC	rhoC_pop_value	eta_rhoC	eta_deltaCB	rhoB	eta_rhoS	eta_eta_deltaSC	eta_rhoC_pop_value	eta_eta_rhoC	eta_eta_deltaCB	eta_rhoB
1	1	0.60456405959592774	-0.35465528087290699	6.28822370216918181	0.00000000000000000	0.00000000000000000	0.29192640170239037	-0.00806372663201527	-0.35465528087290699	0.00000000000000000	0.00000000000000000	0.00000000000000000	0.00000000000000000
2	1	0.59924208319383587	0.06615478470649294	6.28822370216918181	0.00000000000000000	0.00000000000000000	0.29192640170239037	-0.01338570303410713	0.06615478470649294	0.00000000000000000	0.00000000000000000	0.00000000000000000	0.00000000000000000
3	1	0.64994870176236152	-0.17480177232053573	6.28822370216918181	0.00000000000000000	0.00000000000000000	0.29192640170239037	0.03732091553441852	-0.17480177232053573	0.00000000000000000	0.00000000000000000	0.00000000000000000	0.00000000000000000
4	1	0.60531564833762852	-0.54557826955790001	6.28822370216918181	0.00000000000000000	0.00000000000000000	0.29192640170239037	-0.00731213789031449	-0.54557826955790001	0.00000000000000000	0.00000000000000000	0.00000000000000000	0.00000000000000000
5	1	0.61771951803322200	-0.64137696076607520	6.28822370216918181	0.00000000000000000	0.00000000000000000	0.29192640170239037	0.00509173180527900	-0.64137696076607520	0.00000000000000000	0.00000000000000000	0.00000000000000000	0.00000000000000000
6	1	0.57072762383207143	-0.41467252843747926	6.28822370216918181	0.00000000000000000	0.00000000000000000	0.29192640170239037	-0.04190016239587158	-0.41467252843747926	0.00000000000000000	0.00000000000000000	0.00000000000000000	0.00000000000000000
7	1	0.57521598118860062	-0.39949217269633219	6.28822370216918181	0.00000000000000000	0.00000000000000000	0.29192640170239037	-0.03741180503934238	-0.39949217269633219	0.00000000000000000	0.00000000000000000	0.00000000000000000	0.00000000000000000
8	1	0.60147613491820151	-0.72576819615436816	6.28822370216918181	0.00000000000000000	0.00000000000000000	0.29192640170239037	-0.01115165130974149	-0.72576819615436816	0.00000000000000000	0.00000000000000000	0.00000000000000000	0.00000000000000000
9	1	0.58242548289448626	-0.45775259016647540	6.28822370216918181	0.00000000000000000	0.00000000000000000	0.29192640170239037	-0.03020230333345675	-0.45775259016647540	0.00000000000000000	0.00000000000000000	0.00000000000000000	0.00000000000000000
10	1	0.62542959131838494	-0.46361158683298476	6.28822370216918181	0.00000000000000000	0.00000000000000000	0.29192640170239037	0.01280180509044193	-0.46361158683298476	0.00000000000000000	0.00000000000000000	0.00000000000000000	0.00000000000000000
1	2	0.75109269710774695	0.30670306071123593	6.28822370216918181	0.00000000000000000	0.00000000000000000	0.29192640170239037	0.13846491087980395	0.30670306071123593	0.00000000000000000	0.00000000000000000	0.00000000000000000	0.00000000000000000
2	2	0.75220479695158393	0.06636957495590451	6.28822370216918181	0.00000000000000000	0.00000000000000000	0.29192640170239037	0.13957701072364093	0.06636957495590451	0.00000000000000000	0.00000000000000000	0.00000000000000000	0.00000000000000000
3	2	0.74467105209112394	0.43620371610838987	6.28822370216918181	0.00000000000000000	0.00000000000000000	0.29192640170239037	0.13204326586318094	0.43620371610838987	0.00000000000000000	0.00000000000000000	0.00000000000000000	0.00000000000000000
4	2	0.74234363366633671	0.46418319213720749	6.28822370216918181	0.00000000000000000	0.00000000000000000	0.29192640170239037	0.12971584743839371	0.46418319213720749	0.00000000000000000	0.00000000000000000	0.00000000000000000	0.00000000000000000
5	2	0.75143750648915453	0.45876657364515550	6.28822370216918181	0.00000000000000000	0.00000000000000000	0.29192640170239037	0.13880972026121152	0.45876657364515550	0.00000000000000000	0.00000000000000000	0.00000000000000000	0.00000000000000000
6	2	0.74650126769366909	-0.06108713965374152	6.28822370216918181	0.00000000000000000	0.00000000000000000	0.29192640170239037	0.13387348146572609	-0.06108713965374152	0.00000000000000000	0.00000000000000000	0.00000000000000000	0.00000000000000000
7	2	0.72039948559962563	-0.09584247450449329	6.28822370216918181	0.00000000000000000	0.00000000000000000	0.29192640170239037	0.10777169937168263	-0.09584247450449329	0.00000000000000000	0.00000000000000000	0.00000000000000000	0.00000000000000000
8	2	0.77676235882355038	0.01211594880402742	6.28822370216918181	0.00000000000000000	0.00000000000000000	0.29192640170239037	0.16413457259560738	0.01211594880402742	0.00000000000000000	0.00000000000000000	0.00000000000000000	0.00000000000000000
9	2	0.75948819429309911	0.31426823976152540	6.28822370216918181	0.00000000000000000	0.00000000000000000	0.29192640170239037	0.14686040806515610	0.31426823976152540	0.00000000000000000	0.00000000000000000	0.00000000000000000	0.00000000000000000
10	2	0.76659433694237500	0.22575165944658554	6.28822370216918181	0.00000000000000000	0.00000000000000000	0.29192640170239037	0.15396655071443199	0.22575165944658554	0.00000000000000000	0.00000000000000000	0.00000000000000000	0.00000000000000000
1	3	0.55702347210911030	-0.02801717540710280	6.28822370216918181	0.00000000000000000	0.00000000000000000	0.29192640170239037	-0.05560431411883271	-0.02801717540710280	0.00000000000000000	0.00000000000000000	0.00000000000000000	0.00000000000000000
2	3	0.58160007040676498	-0.17877721930117851	6.28822370216918181	0.00000000000000000	0.00000000000000000	0.29192640170239037	-0.03102771582117803	-0.17877721930117851	0.00000000000000000	0.00000000000000000	0.00000000000000000	0.00000000000000000
3	3	0.57552716415868688	0.19808603714809947	6.28822370216918181	0.00000000000000000	0.00000000000000000	0.29192640170239037	-0.03710062206925613	0.19808603714809947	0.00000000000000000	0.00000000000000000	0.00000000000000000	0.00000000000000000
4	3	0.60271820608832816	-0.20350560071078463	6.28822370216918181	0.00000000000000000	0.00000000000000000	0.29192640170239037	-0.00990958013961485	-0.20350560071078463	0.00000000000000000	0.00000000000000000	0.00000000000000000	0.00000000000000000
5	3	0.56085764103040414	0.23494005892461575	6.28822370216918181	0.00000000000000000	0.00000000000000000	0.29192640170239037	-0.05177014519753886	0.23494005892461575	0.00000000000000000	0.00000000000000000	0.00000000000000000	0.00000000000000000
6	3	0.51796942553187408	0.16318288905889755	6.28822370216918181	0.00000000000000000	0.00000000000000000	0.29192640170239037	-0.09465836069606892	0.16318288905889755	0.00000000000000000	0.00000000000000000	0.00000000000000000	0.00000000000000000
7	3	0.60279561672071547	-0.00589786614771379	6.28822370216918181	0.00000000000000000	0.00000000000000000	0.29192640170239037	-0.00983216950722754	-0.00589786614771379	0.00000000000000000	0.00000000000000000	0.00000000000000000	0.00000000000000000
8	3	0.51987570258435056	0.00146481591626736	6.28822370216918181	0.00000000000000000	0.00000000000000000	0.29192640170239037	-0.09275208364359244	0.00146481591626736	0.00000000000000000	0.00000000000000000	0.00000000000000000	0.00000000000000000
9	3	0.54659977540268079	-0.24352287472326167	6.28822370216918181	0.00000000000000000	0.00000000000000000	0.29192640170239037	-0.06602801082526222	-0.24352287472326167	0.00000000000000000	0.00000000000000000	0.00000000000000000	0.00000000000000000
10	3	0.57479095590630480	0.03721616025622369	6.28822370216918181	0.00000000000000000	0.00000000000000000	0.29192640170239037	-0.03783683032163820	0.03721616025622369	0.00000000000000000	0.00000000000000000	0.00000000000000000	0.00000000000000000
1	4	0.75124519711234350	0.27560680712815216	6.28822370216918181	0.00000000000000000	0.00000000000000000	0.29192640170239037	0.13861741088440049	0.27560680712815216	0.00000000000000000	0.00000000000000000	0.00000000000000000	0.00000000000000000
2	4	0.73805798139295642	0.26707890301416271	6.28822370216918181	0.00000000000000000	0.00000000000000000	0.29192640170239037	0.12543019516501341	0.26707890301416271	0.00000000000000000	0.00000000000000000	0.00000000000000000	0.00000000000000000
3	4	0.75345076974128056	0.21594686627113407	6.28822370216918181	0.00000000000000000	0.00000000000000000	0.29192640170239037	0.14082298351333755	0.21594686627113407	0.00000000000000000	0.00000000000000000	0.00000000000000000	0.00000000000000000
4	4	0.74052522438784363	0.32366095760485297	6.28822370216918181	0.00000000000000000	0.00000000000000000	0.29192640170239037	0.12789743815990062	0.32366095760485297	0.00000000000000000	0.00000000000000000	0.00000000000000000	0.00000000000000000
5	4	0.71995509709885230	0.42365282162973211	6.28822370216918181	0.00000000000000000	0.00000000000000000	0.29192640170239037	0.10732731087090930	0.42365282162973211	0.00000000000000000	0.00000000000000000	0.00000000000000000	0.00000000000000000
6	4	0.71409094780528537	0.20455423197271261	6.28822370216918181	0.00000000000000000	0.00000000000000000	0.29192640170239037	0.10146316157734236	0.20455423197271261	0.00000000000000000	0.00000000000000000	0.00000000000000000	0.00000000000000000
7	4	0.76560081416151138	0.33077463291541542	6.28822370216918181	0.00000000000000000	0.00000000000000000	0.29192640170239037	0.15297302793356837	0.33077463291541542	0.00000000000000000	0.00000000000000000	0.00000000000000000	0.00000000000000000
8	4	0.78884973397321279	0.01298268368372922	6.28822370216918181	0.00000000000000000	0.00000000000000000	0.29192640170239037	0.17622194774526978	0.01298268368372922	0.00000000000000000	0.00000000000000000	0.00000000000000000	0.00000000000000000
9	4	0.76793407355818244	0.11991070618331440	6.28822370216918181	0.00000000000000000	0.00000000000000000	0.29192640170239037	0.15530628733023943	0.11991070618331440	0.00000000000000000	0.00000000000000000	0.00000000000000000	0.00000000000000000
10	4	0.70854909528986731	0.27511063652656875	6.28822370216918181	0.00000000000000000	0.00000000000000000	0.29192640170239037	0.09592130906192431	0.27511063652656875	0.00000000000000000	0.00000000000000000	0.00000000000000000	0.00000000000000000
1	5	0.65613308267695003	0.20778115740395706	6.28822370216918181	0.00000000000000000	0.00000000000000000	0.29192640170239037	0.04350529644900702	0.20778115740395706	0.00000000000000000	0.00000000000000000	0.00000000000000000	0.00000000000000000
2	5	0.62761599024373960	0.35750002646193824	6.28822370216918181	0.00000000000000000	0.00000000000000000	0.29192640170239037	0.01498820401579659	0.35750002646193824	0.00000000000000000	0.00000000000000000	0.00000000000000000	0.00000000000000000
3	5	0.65740027393885003	0.41514157171180149	6.28822370216918181	0.00000000000000000	0.00000000000000000	0.29192640170239037	0.04477248771090703	0.41514157171180149	0.00000000000000000	0.00000000000000000	0.00000000000000000	0.00000000000000000
4	5	0.61756725560165304	0.25424905186690105	6.28822370216918181	0.00000000000000000	0.00000000000000000	0.29192640170239037	0.00493946937371004	0.25424905186690105	0.00000000000000000	0.00000000000000000	0.00000000000000000	0.00000000000000000
5	5	0.69011134976193400	-0.03738514709805027	6.28822370216918181	0.00000000000000000	0.00000000000000000	0.29192640170239037	0.07748356353399100	-0.03738514709805027	0.00000000000000000	0.00000000000000000	0.00000000000000000	0.00000000000000000
6	5	0.65359342919944086	0.30521012606856934	6.28822370216918181	0.00000000000000000	0.00000000000000000	0.29192640170239037	0.04096564297149785	0.30521012606856934	0.00000000000000000	0.00000000000000000	0.00000000000000000	0.00000000000000000
7	5	0.66962845046824016	-0.02782789008327368	6.28822370216918181	0.00000000000000000	0.00000000000000000	0.29192640170239037	0.05700066424029715	-0.02782789008327368	0.00000000000000000	0.00000000000000000	0.00000000000000000	0.00000000000000000
8	5	0.66945305243271003	0.20231429000404602	6.28822370216918181	0.00000000000000000	0.00000000000000000	0.29192640170239037	0.05682526620476702	0.20231429000404602	0.00000000000000000	0.00000000000000000	0.00000000000000000	0.00000000000000000
9	5	0.66446017617218944	0.37345776209796167	6.28822370216918181	0.00000000000000000	0.00000000000000000	0.29192640170239037	0.05183238994424644	0.37345776209796167	0.00000000000000000	0.00000000000000000	0.00000000000000000	0.00000000000000000
10	5	0.71928722853726679	-0.09678695455800741	6.28822370216918181	0.00000000000000000	0.00000000000000000	0.29192640170239037	0.10665944230932378	-0.09678695455800741	0.00000000000000000	0.00000000000000000	0.00000000000000000	0.00000000000000000
1	6	0.58395649555720441	-0.40318081458394839	6.28822370216918181	0.00000000000000000	0.00000000000000000	0.29192640170239037	-0.02867129067073859	-0.40318081458394839	0.00000000000000000	0.00000000000000000	0.00000000000000000	0.00000000000000000
2	6	0.60345963731556751	-0.17033078057695131	6.28822370216918181	0.00000000000000000	0.00000000000000000	0.29192640170239037	-0.00916814891237550	-0.17033078057695131	0.00000000000000000	0.00000000000000000	0.00000000000000000	0.00000000000000000
3	6	0.65532469899615919	-0.21274828744958638	6.28822370216918181	0.00000000000000000	0.00000000000000000	0.29192640170239037	0.04269691276821619	-0.21274828744958638	0.00000000000000000	0.00000000000000000	0.00000000000000000	0.00000000000000000
4	6	0.57962667264427192	-0.07567496286057282	6.28822370216918181	0.00000000000000000	0.00000000000000000	0.29192640170239037	-0.03300111358367108	-0.07567496286057282	0.00000000000000000	0.00000000000000000	0.00000000000000000	0.00000000000000000
5	6	0.62071847959906556	-0.10925384913567004	6.28822370216918181	0.00000000000000000	0.00000000000000000	0.29192640170239037	0.00809069337112256	-0.10925384913567004	0.00000000000000000	0.00000000000000000	0.00000000000000000	0.00000000000000000
6	6	0.60646924961817605	-0.18250750845023578	6.28822370216918181	0.00000000000000000	0.00000000000000000	0.29192640170239037	-0.00615853660976695	-0.18250750845023578	0.00000000000000000	0.00000000000000000	0.00000000000000000	0.00000000000000000
7	6	0.60628625824068105	-0.35219815036944757	6.28822370216918181	0.00000000000000000	0.00000000000000000	0.29192640170239037	-0.00634152798726195	-0.35219815036944757	0.00000000000000000	0.00000000000000000	0.00000000000000000	0.00000000000000000
8	6	0.62568167263902108	-0.24983089016139806	6.28822370216918181	0.00000000000000000	0.00000000000000000	0.29192640170239037	0.01305388641107808	-0.24983089016139806	0.00000000000000000	0.00000000000000000	0.00000000000000000	0.00000000000000000
9	6	0.56846216000727234	-0.23045661307524073	6.28822370216918181	0.00000000000000000	0.00000000000000000	0.29192640170239037	-0.04416562622067066	-0.23045661307524073	0.00000000000000000	0.00000000000000000	0.00000000000000000	0.00000000000000000
10	6	0.55785162489638174	-0.17470672181670976	6.28822370216918181	0.00000000000000000	0.00000000000000000	0.29192640170239037	-0.05477616133156127	-0.17470672181670976	0.00000000000000000	0.00000000000000000	0.00000000000000000	0.00000000000000000
1	7	0.41483859440291654	-0.06344338564236916	6.28822370216918181	0.00000000000000000	0.00000000000000000	0.29192640170239037	-0.19778919182502647	-0.06344338564236916	0.00000000000000000	0.00000000000000000	0.00000000000000000	0.00000000000000000
2	7	0.44400455727246824	-0.20452354899807060	6.28822370216918181	0.00000000000000000	0.00000000000000000	0.29192640170239037	-0.16862322895547477	-0.20452354899807060	0.00000000000000000	0.00000000000000000	0.00000000000000000	0.00000000000000000
3	7	0.37415549699191547	-0.12113657969830983	6.28822370216918181	0.00000000000000000	0.00000000000000000	0.29192640170239037	-0.23847228923602753	-0.12113657969830983	0.00000000000000000	0.00000000000000000	0.00000000000000000	0.00000000000000000
4	7	0.36970616497933778	-0.00113429453413334	6.28822370216918181	0.00000000000000000	0.00000000000000000	0.29192640170239037	-0.24292162124860522	-0.00113429453413334	0.00000000000000000	0.00000000000000000	0.00000000000000000	0.00000000000000000
5	7	0.37820805696676724	-0.29426128071464308	6.28822370216918181	0.00000000000000000	0.00000000000000000	0.29192640170239037	-0.23441972926117577	-0.29426128071464308	0.00000000000000000	0.00000000000000000	0.00000000000000000	0.00000000000000000
6	7	0.41795120873423819	-0.29660045655950573	6.28822370216918181	0.00000000000000000	0.00000000000000000	0.29192640170239037	-0.19467657749370482	-0.29660045655950573	0.00000000000000000	0.00000000000000000	0.00000000000000000	0.00000000000000000
7	7	0.39474537240839941	0.00470137053463787	6.28822370216918181	0.00000000000000000	0.00000000000000000	0.29192640170239037	-0.21788241381954360	0.00470137053463787	0.00000000000000000	0.00000000000000000	0.00000000000000000	0.00000000000000000
8	7	0.38101371378220772	-0.30717508869943994	6.28822370216918181	0.00000000000000000	0.00000000000000000	0.29192640170239037	-0.23161407244573529	-0.30717508869943994	0.00000000000000000	0.00000000000000000	0.00000000000000000	0.00000000000000000
9	7	0.40155670692655399	-0.09811598716647750	6.28822370216918181	0.00000000000000000	0.00000000000000000	0.29192640170239037	-0.21107107930138902	-0.09811598716647750	0.00000000000000000	0.00000000000000000	0.00000000000000000	0.00000000000000000
10	7	0.34982408633758799	0.20791826691948229	6.28822370216918181	0.00000000000000000	0.00000000000000000	0.29192640170239037	-0.26280369989035501	0.20791826691948229	0.00000000000000000	0.00000000000000000	0.00000000000000000	0.00000000000000000
