rep	id	rhoS	eta_deltaSC	rhoC_pop_value	eta_rhoC	eta_deltaCB	rhoB	eta_rhoS	eta_eta_deltaSC	eta_rhoC_pop_value	eta_eta_rhoC	eta_eta_deltaCB	eta_rhoB
1	1	0.58687718890140783	-0.12005283794966193	5.53659889937875072	0.00000000000000000	0.00000000000000000	0.29562048606761498	-0.02506537211970483	-0.12005283794966193	0.00000000000000000	0.00000000000000000	0.00000000000000000	0.00000000000000000
2	1	0.60846187816872543	-0.53033212995565371	5.53659889937875072	0.00000000000000000	0.00000000000000000	0.29562048606761498	-0.00348068285238723	-0.53033212995565371	0.00000000000000000	0.00000000000000000	0.00000000000000000	0.00000000000000000
3	1	0.57435892646217224	-0.63572667572699071	5.53659889937875072	0.00000000000000000	0.00000000000000000	0.29562048606761498	-0.03758363455894043	-0.63572667572699071	0.00000000000000000	0.00000000000000000	0.00000000000000000	0.00000000000000000
4	1	0.57662123706089208	-0.34994726313238089	5.53659889937875072	0.00000000000000000	0.00000000000000000	0.29562048606761498	-0.03532132396022059	-0.34994726313238089	0.00000000000000000	0.00000000000000000	0.00000000000000000	0.00000000000000000
5	1	0.52688436564673014	0.34015346079610415	5.53659889937875072	0.00000000000000000	0.00000000000000000	0.29562048606761498	-0.08505819537438253	0.34015346079610415	0.00000000000000000	0.00000000000000000	0.00000000000000000	0.00000000000000000
6	1	0.55751190972557851	-0.61812592274871891	5.53659889937875072	0.00000000000000000	0.00000000000000000	0.29562048606761498	-0.05443065129553415	-0.61812592274871891	0.00000000000000000	0.00000000000000000	0.00000000000000000	0.00000000000000000
7	1	0.57789579605073860	-0.23549114651987413	5.53659889937875072	0.00000000000000000	0.00000000000000000	0.29562048606761498	-0.03404676497037407	-0.23549114651987413	0.00000000000000000	0.00000000000000000	0.00000000000000000	0.00000000000000000
8	1	0.62663299698462038	-0.70377188030835613	5.53659889937875072	0.00000000000000000	0.00000000000000000	0.29562048606761498	0.01469043596350772	-0.70377188030835613	0.00000000000000000	0.00000000000000000	0.00000000000000000	0.00000000000000000
9	1	0.58222183899523583	-0.27558185528821472	5.53659889937875072	0.00000000000000000	0.00000000000000000	0.29562048606761498	-0.02972072202587683	-0.27558185528821472	0.00000000000000000	0.00000000000000000	0.00000000000000000	0.00000000000000000
10	1	0.58098744666477931	-0.47741852521235817	5.53659889937875072	0.00000000000000000	0.00000000000000000	0.29562048606761498	-0.03095511435633336	-0.47741852521235817	0.00000000000000000	0.00000000000000000	0.00000000000000000	0.00000000000000000
1	2	0.71179334763306445	0.02183031624973706	5.53659889937875072	0.00000000000000000	0.00000000000000000	0.29562048606761498	0.09985078661195179	0.02183031624973706	0.00000000000000000	0.00000000000000000	0.00000000000000000	0.00000000000000000
2	2	0.78744557488410150	0.02881024349765436	5.53659889937875072	0.00000000000000000	0.00000000000000000	0.29562048606761498	0.17550301386298883	0.02881024349765436	0.00000000000000000	0.00000000000000000	0.00000000000000000	0.00000000000000000
3	2	0.77242389743204021	0.03124074788348510	5.53659889937875072	0.00000000000000000	0.00000000000000000	0.29562048606761498	0.16048133641092754	0.03124074788348510	0.00000000000000000	0.00000000000000000	0.00000000000000000	0.00000000000000000
4	2	0.76306132274869964	-0.19904773243519108	5.53659889937875072	0.00000000000000000	0.00000000000000000	0.29562048606761498	0.15111876172758698	-0.19904773243519108	0.00000000000000000	0.00000000000000000	0.00000000000000000	0.00000000000000000
5	2	0.75497498143561492	0.52510381570081688	5.53659889937875072	0.00000000000000000	0.00000000000000000	0.29562048606761498	0.14303242041450226	0.52510381570081688	0.00000000000000000	0.00000000000000000	0.00000000000000000	0.00000000000000000
6	2	0.72242608237795891	0.13994162775461558	5.53659889937875072	0.00000000000000000	0.00000000000000000	0.29562048606761498	0.11048352135684625	0.13994162775461558	0.00000000000000000	0.00000000000000000	0.00000000000000000	0.00000000000000000
7	2	0.76698680480833847	0.13715362769755388	5.53659889937875072	0.00000000000000000	0.00000000000000000	0.29562048606761498	0.15504424378722581	0.13715362769755388	0.00000000000000000	0.00000000000000000	0.00000000000000000	0.00000000000000000
8	2	0.80037507483442338	-0.34087603589517113	5.53659889937875072	0.00000000000000000	0.00000000000000000	0.29562048606761498	0.18843251381331072	-0.34087603589517113	0.00000000000000000	0.00000000000000000	0.00000000000000000	0.00000000000000000
9	2	0.75308761296819360	-0.06204646981276981	5.53659889937875072	0.00000000000000000	0.00000000000000000	0.29562048606761498	0.14114505194708094	-0.06204646981276981	0.00000000000000000	0.00000000000000000	0.00000000000000000	0.00000000000000000
10	2	0.74839326759091807	-0.09755376746717195	5.53659889937875072	0.00000000000000000	0.00000000000000000	0.29562048606761498	0.13645070656980540	-0.09755376746717195	0.00000000000000000	0.00000000000000000	0.00000000000000000	0.00000000000000000
1	3	0.60617485324724685	-0.05581050501781608	5.53659889937875072	0.00000000000000000	0.00000000000000000	0.29562048606761498	-0.00576770777386582	-0.05581050501781608	0.00000000000000000	0.00000000000000000	0.00000000000000000	0.00000000000000000
2	3	0.57201647561957147	0.41672630248185638	5.53659889937875072	0.00000000000000000	0.00000000000000000	0.29562048606761498	-0.03992608540154119	0.41672630248185638	0.00000000000000000	0.00000000000000000	0.00000000000000000	0.00000000000000000
3	3	0.59644886537521713	-0.09607724449643372	5.53659889937875072	0.00000000000000000	0.00000000000000000	0.29562048606761498	-0.01549369564589553	-0.09607724449643372	0.00000000000000000	0.00000000000000000	0.00000000000000000	0.00000000000000000
4	3	0.55373491917649442	-0.28088537938940178	5.53659889937875072	0.00000000000000000	0.00000000000000000	0.29562048606761498	-0.05820764184461824	-0.28088537938940178	0.00000000000000000	0.00000000000000000	0.00000000000000000	0.00000000000000000
5	3	0.58121377406007269	0.03097779109611262	5.53659889937875072	0.00000000000000000	0.00000000000000000	0.29562048606761498	-0.03072878696103998	0.03097779109611262	0.00000000000000000	0.00000000000000000	0.00000000000000000	0.00000000000000000
6	3	0.52455831988777868	-0.01338358385887188	5.53659889937875072	0.00000000000000000	0.00000000000000000	0.29562048606761498	-0.08738424113333398	-0.01338358385887188	0.00000000000000000	0.00000000000000000	0.00000000000000000	0.00000000000000000
7	3	0.54782514000950600	0.15129021973273685	5.53659889937875072	0.00000000000000000	0.00000000000000000	0.29562048606761498	-0.06411742101160667	0.15129021973273685	0.00000000000000000	0.00000000000000000	0.00000000000000000	0.00000000000000000
8	3	0.58915189644588473	-0.26354651030149012	5.53659889937875072	0.00000000000000000	0.00000000000000000	0.29562048606761498	-0.02279066457522794	-0.26354651030149012	0.00000000000000000	0.00000000000000000	0.00000000000000000	0.00000000000000000
9	3	0.55650898246994718	0.01118869710096454	5.53659889937875072	0.00000000000000000	0.00000000000000000	0.29562048606761498	-0.05543357855116549	0.01118869710096454	0.00000000000000000	0.00000000000000000	0.00000000000000000	0.00000000000000000
10	3	0.59929082832886449	-0.07099692888764482	5.53659889937875072	0.00000000000000000	0.00000000000000000	0.29562048606761498	-0.01265173269224817	-0.07099692888764482	0.00000000000000000	0.00000000000000000	0.00000000000000000	0.00000000000000000
1	4	0.70226014238140932	0.25246819086676542	5.53659889937875072	0.00000000000000000	0.00000000000000000	0.29562048606761498	0.09031758136029666	0.25246819086676542	0.00000000000000000	0.00000000000000000	0.00000000000000000	0.00000000000000000
2	4	0.70290664197177577	0.57716045743193312	5.53659889937875072	0.00000000000000000	0.00000000000000000	0.29562048606761498	0.09096408095066311	0.57716045743193312	0.00000000000000000	0.00000000000000000	0.00000000000000000	0.00000000000000000
3	4	0.70663888039575085	0.27906750989307916	5.53659889937875072	0.00000000000000000	0.00000000000000000	0.29562048606761498	0.09469631937463818	0.27906750989307916	0.00000000000000000	0.00000000000000000	0.00000000000000000	0.00000000000000000
4	4	0.73614720124231248	0.14775514246548851	5.53659889937875072	0.00000000000000000	0.00000000000000000	0.29562048606761498	0.12420464022119981	0.14775514246548851	0.00000000000000000	0.00000000000000000	0.00000000000000000	0.00000000000000000
5	4	0.72243881253119568	0.24104800835226597	5.53659889937875072	0.00000000000000000	0.00000000000000000	0.29562048606761498	0.11049625151008302	0.24104800835226597	0.00000000000000000	0.00000000000000000	0.00000000000000000	0.00000000000000000
6	4	0.71582504583413165	0.44304420620100338	5.53659889937875072	0.00000000000000000	0.00000000000000000	0.29562048606761498	0.10388248481301898	0.44304420620100338	0.00000000000000000	0.00000000000000000	0.00000000000000000	0.00000000000000000
7	4	0.72732739713417349	0.41342147156922060	5.53659889937875072	0.00000000000000000	0.00000000000000000	0.29562048606761498	0.11538483611306083	0.41342147156922060	0.00000000000000000	0.00000000000000000	0.00000000000000000	0.00000000000000000
8	4	0.73952216180397068	0.06904621474363082	5.53659889937875072	0.00000000000000000	0.00000000000000000	0.29562048606761498	0.12757960078285802	0.06904621474363082	0.00000000000000000	0.00000000000000000	0.00000000000000000	0.00000000000000000
9	4	0.72747965313010154	0.13415335265143330	5.53659889937875072	0.00000000000000000	0.00000000000000000	0.29562048606761498	0.11553709210898888	0.13415335265143330	0.00000000000000000	0.00000000000000000	0.00000000000000000	0.00000000000000000
10	4	0.71425917291145180	0.36967307467045118	5.53659889937875072	0.00000000000000000	0.00000000000000000	0.29562048606761498	0.10231661189033914	0.36967307467045118	0.00000000000000000	0.00000000000000000	0.00000000000000000	0.00000000000000000
1	5	0.64262503422624517	0.32780972996374957	5.53659889937875072	0.00000000000000000	0.00000000000000000	0.29562048606761498	0.03068247320513251	0.32780972996374957	0.00000000000000000	0.00000000000000000	0.00000000000000000	0.00000000000000000
2	5	0.68021107958819460	0.07402347512035320	5.53659889937875072	0.00000000000000000	0.00000000000000000	0.29562048606761498	0.06826851856708194	0.07402347512035320	0.00000000000000000	0.00000000000000000	0.00000000000000000	0.00000000000000000
3	5	0.70424508486201920	0.14873398611240848	5.53659889937875072	0.00000000000000000	0.00000000000000000	0.29562048606761498	0.09230252384090654	0.14873398611240848	0.00000000000000000	0.00000000000000000	0.00000000000000000	0.00000000000000000
4	5	0.69880104190602388	0.05038842317956993	5.53659889937875072	0.00000000000000000	0.00000000000000000	0.29562048606761498	0.08685848088491122	0.05038842317956993	0.00000000000000000	0.00000000000000000	0.00000000000000000	0.00000000000000000
5	5	0.66973104825002638	0.26740762127258055	5.53659889937875072	0.00000000000000000	0.00000000000000000	0.29562048606761498	0.05778848722891372	0.26740762127258055	0.00000000000000000	0.00000000000000000	0.00000000000000000	0.00000000000000000
6	5	0.62424950326463002	0.10367733391224304	5.53659889937875072	0.00000000000000000	0.00000000000000000	0.29562048606761498	0.01230694224351736	0.10367733391224304	0.00000000000000000	0.00000000000000000	0.00000000000000000	0.00000000000000000
7	5	0.65620106326033978	0.04749859823614839	5.53659889937875072	0.00000000000000000	0.00000000000000000	0.29562048606761498	0.04425850223922712	0.04749859823614839	0.00000000000000000	0.00000000000000000	0.00000000000000000	0.00000000000000000
8	5	0.71498613469846906	0.24243371375344419	5.53659889937875072	0.00000000000000000	0.00000000000000000	0.29562048606761498	0.10304357367735639	0.24243371375344419	0.00000000000000000	0.00000000000000000	0.00000000000000000	0.00000000000000000
9	5	0.65715956934722086	0.12210336239587413	5.53659889937875072	0.00000000000000000	0.00000000000000000	0.29562048606761498	0.04521700832610820	0.12210336239587413	0.00000000000000000	0.00000000000000000	0.00000000000000000	0.00000000000000000
10	5	0.63501840093939155	0.07620896384317963	5.53659889937875072	0.00000000000000000	0.00000000000000000	0.29562048606761498	0.02307583991827888	0.07620896384317963	0.00000000000000000	0.00000000000000000	0.00000000000000000	0.00000000000000000
1	6	0.59030386448019201	-0.42284010093148133	5.53659889937875072	0.00000000000000000	0.00000000000000000	0.29562048606761498	-0.02163869654092065	-0.42284010093148133	0.00000000000000000	0.00000000000000000	0.00000000000000000	0.00000000000000000
2	6	0.65153487486603545	-0.03520326477873828	5.53659889937875072	0.00000000000000000	0.00000000000000000	0.29562048606761498	0.03959231384492279	-0.03520326477873828	0.00000000000000000	0.00000000000000000	0.00000000000000000	0.00000000000000000
3	6	0.61053047364407909	-0.24152657624481416	5.53659889937875072	0.00000000000000000	0.00000000000000000	0.29562048606761498	-0.00141208737703358	-0.24152657624481416	0.00000000000000000	0.00000000000000000	0.00000000000000000	0.00000000000000000
4	6	0.66127430634001949	-0.20330545825433455	5.53659889937875072	0.00000000000000000	0.00000000000000000	0.29562048606761498	0.04933174531890683	-0.20330545825433455	0.00000000000000000	0.00000000000000000	0.00000000000000000	0.00000000000000000
5	6	0.59314582719256836	-0.19425717836314446	5.53659889937875072	0.00000000000000000	0.00000000000000000	0.29562048606761498	-0.01879673382854430	-0.19425717836314446	0.00000000000000000	0.00000000000000000	0.00000000000000000	0.00000000000000000
6	6	0.60214479561376644	0.11214448890382783	5.53659889937875072	0.00000000000000000	0.00000000000000000	0.29562048606761498	-0.00979776540734623	0.11214448890382783	0.00000000000000000	0.00000000000000000	0.00000000000000000	0.00000000000000000
7	6	0.62464963194863710	-0.32383314337681141	5.53659889937875072	0.00000000000000000	0.00000000000000000	0.29562048606761498	0.01270707092752443	-0.32383314337681141	0.00000000000000000	0.00000000000000000	0.00000000000000000	0.00000000000000000
8	6	0.57782096633597868	-0.24654529557122656	5.53659889937875072	0.00000000000000000	0.00000000000000000	0.29562048606761498	-0.03412159468513398	-0.24654529557122656	0.00000000000000000	0.00000000000000000	0.00000000000000000	0.00000000000000000
9	6	0.61333918916254049	-0.10094282241905700	5.53659889937875072	0.00000000000000000	0.00000000000000000	0.29562048606761498	0.00139662814142782	-0.10094282241905700	0.00000000000000000	0.00000000000000000	0.00000000000000000	0.00000000000000000
10	6	0.59223596976237169	-0.05855009068421067	5.53659889937875072	0.00000000000000000	0.00000000000000000	0.29562048606761498	-0.01970659125874097	-0.05855009068421067	0.00000000000000000	0.00000000000000000	0.00000000000000000	0.00000000000000000
1	7	0.35789351310469142	-0.14487776969726854	5.53659889937875072	0.00000000000000000	0.00000000000000000	0.29562048606761498	-0.25404904791642124	-0.14487776969726854	0.00000000000000000	0.00000000000000000	0.00000000000000000	0.00000000000000000
2	7	0.31896188839439388	0.01174372802749687	5.53659889937875072	0.00000000000000000	0.00000000000000000	0.29562048606761498	-0.29298067262671879	0.01174372802749687	0.00000000000000000	0.00000000000000000	0.00000000000000000	0.00000000000000000
3	7	0.35987637874088868	-0.11756705732317389	5.53659889937875072	0.00000000000000000	0.00000000000000000	0.29562048606761498	-0.25206618228022398	-0.11756705732317389	0.00000000000000000	0.00000000000000000	0.00000000000000000	0.00000000000000000
4	7	0.35917662263890443	-0.11642039196174214	5.53659889937875072	0.00000000000000000	0.00000000000000000	0.29562048606761498	-0.25276593838220823	-0.11642039196174214	0.00000000000000000	0.00000000000000000	0.00000000000000000	0.00000000000000000
5	7	0.42396440776774846	-0.27995387977465308	5.53659889937875072	0.00000000000000000	0.00000000000000000	0.29562048606761498	-0.18797815325336420	-0.27995387977465308	0.00000000000000000	0.00000000000000000	0.00000000000000000	0.00000000000000000
6	7	0.36858151808258888	-0.34132123284436544	5.53659889937875072	0.00000000000000000	0.00000000000000000	0.29562048606761498	-0.24336104293852379	-0.34132123284436544	0.00000000000000000	0.00000000000000000	0.00000000000000000	0.00000000000000000
7	7	0.39334156744484172	-0.02825923644997186	5.53659889937875072	0.00000000000000000	0.00000000000000000	0.29562048606761498	-0.21860099357627094	-0.02825923644997186	0.00000000000000000	0.00000000000000000	0.00000000000000000	0.00000000000000000
8	7	0.36581181473730418	-0.15404215791666917	5.53659889937875072	0.00000000000000000	0.00000000000000000	0.29562048606761498	-0.24613074628380849	-0.15404215791666917	0.00000000000000000	0.00000000000000000	0.00000000000000000	0.00000000000000000
9	7	0.37414305858167185	-0.06001363063032497	5.53659889937875072	0.00000000000000000	0.00000000000000000	0.29562048606761498	-0.23779950243944081	-0.06001363063032497	0.00000000000000000	0.00000000000000000	0.00000000000000000	0.00000000000000000
10	7	0.38938426184430364	-0.12192161314936294	5.53659889937875072	0.00000000000000000	0.00000000000000000	0.29562048606761498	-0.22255829917680903	-0.12192161314936294	0.00000000000000000	0.00000000000000000	0.00000000000000000	0.00000000000000000
