rep	id	rhoS	eta_deltaSC	rhoC_pop_value	eta_rhoC	eta_deltaCB	rhoB	eta_rhoS	eta_eta_deltaSC	eta_rhoC_pop_value	eta_eta_rhoC	eta_eta_deltaCB	eta_rhoB
1	1	0.60867689143215609	-0.01831732305759662	0.79283075567800554	0.00000000000000000	-0.15021124764944749	0.55618800351964803	-0.00729064526405809	-0.01831732305759662	0.00000000000000000	0.00000000000000000	-0.15021124764944749	-0.18621400197300608
2	1	0.62267497988202236	-0.04295993271070259	0.79283075567800554	0.00000000000000000	-0.42306001540503252	0.69833854776836335	0.00670744318580818	-0.04295993271070259	0.00000000000000000	0.00000000000000000	-0.42306001540503252	-0.04406345772429077
3	1	0.66991371808417877	-0.00757211271776954	0.79283075567800554	0.00000000000000000	-0.48228627436567256	0.72190490283333342	0.05394618138796459	-0.00757211271776954	0.00000000000000000	0.00000000000000000	-0.48228627436567256	-0.02049710265932070
4	1	0.61487373703957926	0.06236047113068146	0.79283075567800554	0.00000000000000000	0.32848594279983206	0.69783282163175364	-0.00109379965663492	0.06236047113068146	0.00000000000000000	0.00000000000000000	0.32848594279983206	-0.04456918386090047
5	1	0.54305884217033140	0.08984451547976634	0.79283075567800554	0.00000000000000000	-0.40097425410043702	0.69430587054404602	-0.07290869452588278	0.08984451547976634	0.00000000000000000	0.00000000000000000	-0.40097425410043702	-0.04809613494860809
6	1	0.60996361083261652	-0.06636234329777865	0.79283075567800554	0.00000000000000000	-0.21884603883129666	0.77627809881386356	-0.00600392586359766	-0.06636234329777865	0.00000000000000000	0.00000000000000000	-0.21884603883129666	0.03387609332120944
7	1	0.57992964871403441	0.00789028367558640	0.79283075567800554	0.00000000000000000	0.73388201898484628	0.73331615512647597	-0.03603788798217977	0.00789028367558640	0.00000000000000000	0.00000000000000000	0.73388201898484628	-0.00908585036617815
8	1	0.55224031875280832	0.08054718411454401	0.79283075567800554	0.00000000000000000	0.16012319300560376	0.56665523132206430	-0.06372721794340586	0.08054718411454401	0.00000000000000000	0.00000000000000000	0.16012319300560376	-0.17574677417058981
9	1	0.59850797182262128	0.10103149026160765	0.79283075567800554	0.00000000000000000	-0.53512267249113132	0.72794322766600339	-0.01745956487359290	0.10103149026160765	0.00000000000000000	0.00000000000000000	-0.53512267249113132	-0.01445877782665073
10	1	0.57184099924736076	-0.01144010099605022	0.79283075567800554	0.00000000000000000	-0.33003773414922127	0.70001601003636493	-0.04412653744885342	-0.01144010099605022	0.00000000000000000	0.00000000000000000	-0.33003773414922127	-0.04238599545628918
1	2	0.74214510877572482	-0.03048811639338249	0.79283075567800554	0.00000000000000000	0.26356140201145606	0.94917797018473826	0.12617757207951064	-0.03048811639338249	0.00000000000000000	0.00000000000000000	0.26356140201145606	0.20677596469208415
2	2	0.73583094321863696	0.08169001854977803	0.79283075567800554	0.00000000000000000	0.30138927199836729	0.91559213094561565	0.11986340652242278	0.08169001854977803	0.00000000000000000	0.00000000000000000	0.30138927199836729	0.17319012545296153
3	2	0.76143358161361674	-0.14639761994095651	0.79283075567800554	0.00000000000000000	-0.12634501739117954	1.03964955423145167	0.14546604491740256	-0.14639761994095651	0.00000000000000000	0.00000000000000000	-0.12634501739117954	0.29724754873879755
4	2	0.71816977608939547	-0.07593066113521196	0.79283075567800554	0.00000000000000000	0.28861163174757470	0.86970830403814370	0.10220223939318129	-0.07593066113521196	0.00000000000000000	0.00000000000000000	0.28861163174757470	0.12730629854548958
5	2	0.73799536818071143	0.04982215646002385	0.79283075567800554	0.00000000000000000	0.22345974205902691	0.87327294259405863	0.12202783148449725	0.04982215646002385	0.00000000000000000	0.00000000000000000	0.22345974205902691	0.13087093710140452
6	2	0.72839373940231122	0.14816321277951841	0.79283075567800554	0.00000000000000000	0.49010455903381533	0.90428129737535634	0.11242620270609704	0.14816321277951841	0.00000000000000000	0.00000000000000000	0.49010455903381533	0.16187929188270223
7	2	0.76403268490613363	-0.16161229704263885	0.79283075567800554	0.00000000000000000	0.14935443542778887	0.89277634004406725	0.14806514820991945	-0.16161229704263885	0.00000000000000000	0.00000000000000000	0.14935443542778887	0.15037433455141314
8	2	0.77015017912023176	0.15817017203786210	0.79283075567800554	0.00000000000000000	0.46168131266675239	0.93090689064196641	0.15418264242401758	0.15817017203786210	0.00000000000000000	0.00000000000000000	0.46168131266675239	0.18850488514931230
9	2	0.71790330368239164	0.04300408850075657	0.79283075567800554	0.00000000000000000	0.11563602194657101	0.95361481121158009	0.10193576698617746	0.04300408850075657	0.00000000000000000	0.00000000000000000	0.11563602194657101	0.21121280571892598
10	2	0.74683672166672010	-0.02025987539287294	0.79283075567800554	0.00000000000000000	0.35783318415560073	0.83574512151968283	0.13086918497050593	-0.02025987539287294	0.00000000000000000	0.00000000000000000	0.35783318415560073	0.09334311602702872
1	3	0.52303672057147466	0.05773030317216420	0.79283075567800554	0.00000000000000000	0.50389729044483100	0.68766439155571946	-0.09293081612473952	0.05773030317216420	0.00000000000000000	0.00000000000000000	0.50389729044483100	-0.05473761393693466
2	3	0.55961036690430743	-0.15056530515692051	0.79283075567800554	0.00000000000000000	0.18879682966817452	0.72749736671954435	-0.05635716979190675	-0.15056530515692051	0.00000000000000000	0.00000000000000000	0.18879682966817452	-0.01490463877310977
3	3	0.61484786134047165	-0.10629010606052619	0.79283075567800554	0.00000000000000000	0.57071441590766803	0.68518828544742350	-0.00111967535574253	-0.10629010606052619	0.00000000000000000	0.00000000000000000	0.57071441590766803	-0.05721372004523062
4	3	0.66076062204698427	-0.04382228208118393	0.79283075567800554	0.00000000000000000	1.02929598724505356	0.63442117242687979	0.04479308535077009	-0.04382228208118393	0.00000000000000000	0.00000000000000000	1.02929598724505356	-0.10798083306577433
5	3	0.59306928066039788	-0.16844670797321198	0.79283075567800554	0.00000000000000000	0.86870778197681098	0.69292363108234523	-0.02289825603581630	-0.16844670797321198	0.00000000000000000	0.00000000000000000	0.86870778197681098	-0.04947837441030889
6	3	0.52938224546149293	-0.01967125032740730	0.79283075567800554	0.00000000000000000	0.84819154948939268	0.69044672271434271	-0.08658529123472125	-0.01967125032740730	0.00000000000000000	0.00000000000000000	0.84819154948939268	-0.05195528277831141
7	3	0.56237223246533541	0.15186503177186755	0.79283075567800554	0.00000000000000000	0.51415517536637390	0.68129122203647452	-0.05359530423087877	0.15186503177186755	0.00000000000000000	0.00000000000000000	0.51415517536637390	-0.06111078345617960
8	3	0.60187608776313750	0.01708912207846186	0.79283075567800554	0.00000000000000000	0.78593403430187359	0.69966947351187903	-0.01409144893307668	0.01708912207846186	0.00000000000000000	0.00000000000000000	0.78593403430187359	-0.04273253198077509
9	3	0.59600800185210479	0.09102437418857252	0.79283075567800554	0.00000000000000000	0.26943926576036159	0.72415786726225739	-0.01995953484410939	0.09102437418857252	0.00000000000000000	0.00000000000000000	0.26943926576036159	-0.01824413823039672
10	3	0.63855850969275207	-0.02140182110511182	0.79283075567800554	0.00000000000000000	0.30387197012872902	0.66334011862044684	0.02259097299653789	-0.02140182110511182	0.00000000000000000	0.00000000000000000	0.30387197012872902	-0.07906188687220728
1	4	0.71908543358656918	-0.03470504031168593	0.79283075567800554	0.00000000000000000	1.33258135267193523	0.77260956634713773	0.10311789689035500	-0.03470504031168593	0.00000000000000000	0.00000000000000000	1.33258135267193523	0.03020756085448362
2	4	0.74321385323930567	-0.05971016243879575	0.79283075567800554	0.00000000000000000	1.71110066096452185	0.76615424802522758	0.12724631654309149	-0.05971016243879575	0.00000000000000000	0.00000000000000000	1.71110066096452185	0.02375224253257346
3	4	0.78179743580248029	0.03111516504002615	0.79283075567800554	0.00000000000000000	1.54365035529714345	0.83655195483735001	0.16582989910626611	0.03111516504002615	0.00000000000000000	0.00000000000000000	1.54365035529714345	0.09414994934469589
4	4	0.73763081756473536	-0.00315550603066378	0.79283075567800554	0.00000000000000000	1.10928505035634051	0.89497145965547187	0.12166328086852118	-0.00315550603066378	0.00000000000000000	0.00000000000000000	1.10928505035634051	0.15256945416281775
5	4	0.75659599225473129	0.10862903113400219	0.79283075567800554	0.00000000000000000	1.31042582751071879	0.80096669829812350	0.14062845555851711	0.10862903113400219	0.00000000000000000	0.00000000000000000	1.31042582751071879	0.05856469280546939
6	4	0.79735690410574900	-0.02414758556435495	0.79283075567800554	0.00000000000000000	1.42774561143646483	0.79841722289297323	0.18138936740953482	-0.02414758556435495	0.00000000000000000	0.00000000000000000	1.42774561143646483	0.05601521740031912
7	4	0.78051947458956483	0.00975168743614768	0.79283075567800554	0.00000000000000000	1.16653232796147521	0.72750709305492778	0.16455193789335065	0.00975168743614768	0.00000000000000000	0.00000000000000000	1.16653232796147521	-0.01489491243772634
8	4	0.71822420231391659	0.03309467830209238	0.79283075567800554	0.00000000000000000	1.61722686103339797	0.74046782502923625	0.10225666561770241	0.03309467830209238	0.00000000000000000	0.00000000000000000	1.61722686103339797	-0.00193418046341787
9	4	0.75054894273999784	-0.02466087969394495	0.79283075567800554	0.00000000000000000	1.22756065676129866	0.81584390441530130	0.13458140604378366	-0.02466087969394495	0.00000000000000000	0.00000000000000000	1.22756065676129866	0.07344189892264719
10	4	0.72263368131872807	0.03718839289955204	0.79283075567800554	0.00000000000000000	0.97188594293587460	0.75522070338149261	0.10666614462251389	0.03718839289955204	0.00000000000000000	0.00000000000000000	0.97188594293587460	0.01281869788883849
1	5	0.68170449037848879	0.06334499994601187	0.79283075567800554	0.00000000000000000	1.07946680063110012	0.88911963467705879	0.06573695368227461	0.06334499994601187	0.00000000000000000	0.00000000000000000	1.07946680063110012	0.14671762918440467
2	5	0.64312197819645633	0.00880681602329030	0.79283075567800554	0.00000000000000000	0.36393488341171087	1.00990397793508579	0.02715444150024215	0.00880681602329030	0.00000000000000000	0.00000000000000000	0.36393488341171087	0.26750197244243168
3	5	0.61585590201109230	0.05152868007069921	0.79283075567800554	0.00000000000000000	0.63091635606459229	0.91067123876405554	-0.00011163468512188	0.05152868007069921	0.00000000000000000	0.00000000000000000	0.63091635606459229	0.16826923327140142
4	5	0.61411347095535607	0.03579605809286572	0.79283075567800554	0.00000000000000000	1.19594112229622884	0.80099274118879349	-0.00185406574085811	0.03579605809286572	0.00000000000000000	0.00000000000000000	1.19594112229622884	0.05859073569613937
5	5	0.64390633199058078	-0.01379384966440814	0.79283075567800554	0.00000000000000000	0.28877563923198840	0.86614195705510788	0.02793879529436660	-0.01379384966440814	0.00000000000000000	0.00000000000000000	0.28877563923198840	0.12373995156245376
6	5	0.65496577606415862	0.02711962306335706	0.79283075567800554	0.00000000000000000	0.68172369488038309	0.85848958880823623	0.03899823936794444	0.02711962306335706	0.00000000000000000	0.00000000000000000	0.68172369488038309	0.11608758331558211
7	5	0.61776108458312950	-0.06262292433550426	0.79283075567800554	0.00000000000000000	0.21520466568154389	0.85645826968138916	0.00179354788691533	-0.06262292433550426	0.00000000000000000	0.00000000000000000	0.21520466568154389	0.11405626418873505
8	5	0.62126968766181312	0.00302224800387202	0.79283075567800554	0.00000000000000000	0.50724560625457737	0.87340662835310889	0.00530215096559894	0.00302224800387202	0.00000000000000000	0.00000000000000000	0.50724560625457737	0.13100462286045478
9	5	0.63111173529066567	-0.00009364715905301	0.79283075567800554	0.00000000000000000	0.30619631702668143	0.79307666013513611	0.01514419859445149	-0.00009364715905301	0.00000000000000000	0.00000000000000000	0.30619631702668143	0.05067465464248200
10	5	0.54149436126178652	0.02954354141307927	0.79283075567800554	0.00000000000000000	0.69869917121607927	0.91809802216968139	-0.07447317543442766	0.02954354141307927	0.00000000000000000	0.00000000000000000	0.69869917121607927	0.17569601667702728
1	6	0.65852378250175725	0.00671710166817951	0.79283075567800554	0.00000000000000000	0.31725257448270783	0.68420506481893684	0.04255624580554307	0.00671710166817951	0.00000000000000000	0.00000000000000000	0.31725257448270783	-0.05819694067371728
2	6	0.63138756007205254	-0.03962537023796414	0.79283075567800554	0.00000000000000000	0.53675949403590673	0.78537200738650648	0.01542002337583837	-0.03962537023796414	0.00000000000000000	0.00000000000000000	0.53675949403590673	0.04297000189385236
3	6	0.63894806618638122	-0.07198919978982411	0.79283075567800554	0.00000000000000000	0.67543725952047162	0.64913716413208211	0.02298052949016705	-0.07198919978982411	0.00000000000000000	0.00000000000000000	0.67543725952047162	-0.09326484136057200
4	6	0.57961719860275751	-0.13478528328078460	0.79283075567800554	0.00000000000000000	0.15728765622530316	0.72950001662269615	-0.03635033809345667	-0.13478528328078460	0.00000000000000000	0.00000000000000000	0.15728765622530316	-0.01290198886995797
5	6	0.57056521049240727	-0.10730915688379518	0.79283075567800554	0.00000000000000000	0.46944987887668621	0.60287219684365734	-0.04540232620380691	-0.10730915688379518	0.00000000000000000	0.00000000000000000	0.46944987887668621	-0.13952980864899678
6	6	0.65285620112746290	-0.02353721501864538	0.79283075567800554	0.00000000000000000	0.63097181045755479	0.74292123576896263	0.03688866443124872	-0.02353721501864538	0.00000000000000000	0.00000000000000000	0.63097181045755479	0.00051923027630851
7	6	0.59567242174848434	0.00891324855757146	0.79283075567800554	0.00000000000000000	0.65229425127430130	0.66894751251870155	-0.02029511494772984	0.00891324855757146	0.00000000000000000	0.00000000000000000	0.65229425127430130	-0.07345449297395257
8	6	0.59875356295905258	-0.14231062755341300	0.79283075567800554	0.00000000000000000	0.64571641502522681	0.70016057074388471	-0.01721397373716160	-0.14231062755341300	0.00000000000000000	0.00000000000000000	0.64571641502522681	-0.04224143474876940
9	6	0.59602087811513083	-0.09430935698238657	0.79283075567800554	0.00000000000000000	1.10509804508270371	0.71918674455092579	-0.01994665858108335	-0.09430935698238657	0.00000000000000000	0.00000000000000000	1.10509804508270371	-0.02321526094172832
10	6	0.61009613816778130	0.02729975507908834	0.79283075567800554	0.00000000000000000	0.77821399888636000	0.58942310449304858	-0.00587139852843288	0.02729975507908834	0.00000000000000000	0.00000000000000000	0.77821399888636000	-0.15297890099960554
1	7	0.45150428309397089	-0.01586682864626120	0.79283075567800554	0.00000000000000000	0.89586667651984364	0.62751732519100989	-0.16446325360224329	-0.01586682864626120	0.00000000000000000	0.00000000000000000	0.89586667651984364	-0.11488468030164423
2	7	0.34427158017572085	-0.02602858283458738	0.79283075567800554	0.00000000000000000	1.26243659197081515	0.64209095175573427	-0.27169595652049333	-0.02602858283458738	0.00000000000000000	0.00000000000000000	1.26243659197081515	-0.10031105373691984
3	7	0.40368948794372628	-0.04203910667004671	0.79283075567800554	0.00000000000000000	0.84156763348308583	0.59640570917938263	-0.21227804875248790	-0.04203910667004671	0.00000000000000000	0.00000000000000000	0.84156763348308583	-0.14599629631327149
4	7	0.37554885509546931	0.00015861874902327	0.79283075567800554	0.00000000000000000	0.77042167380459858	0.54345177633182185	-0.24041868160074487	0.00015861874902327	0.00000000000000000	0.00000000000000000	0.77042167380459858	-0.19895022916083227
5	7	0.40049648715129726	-0.00764727066316205	0.79283075567800554	0.00000000000000000	0.76138662895091569	0.62805996119637741	-0.21547104954491691	-0.00764727066316205	0.00000000000000000	0.00000000000000000	0.76138662895091569	-0.11434204429627670
6	7	0.44574070311237463	0.04936220007993939	0.79283075567800554	0.00000000000000000	0.44514794879125830	0.55633154972863719	-0.17022683358383955	0.04936220007993939	0.00000000000000000	0.00000000000000000	0.44514794879125830	-0.18607045576401693
7	7	0.36801903814980025	0.05517326401025537	0.79283075567800554	0.00000000000000000	0.92887637900819731	0.57497293368624380	-0.24794849854641393	0.05517326401025537	0.00000000000000000	0.00000000000000000	0.92887637900819731	-0.16742907180641031
8	7	0.40892324354813137	0.13629636150996352	0.79283075567800554	0.00000000000000000	0.70848039302371424	0.55333538521597658	-0.20704429314808281	0.13629636150996352	0.00000000000000000	0.00000000000000000	0.70848039302371424	-0.18906662027667753
9	7	0.38148627291042375	0.04814208554159867	0.79283075567800554	0.00000000000000000	0.73836038753457267	0.51454917088336483	-0.23448126378579043	0.04814208554159867	0.00000000000000000	0.00000000000000000	0.73836038753457267	-0.22785283460928929
10	7	0.44782751981132124	-0.04666324494901011	0.79283075567800554	0.00000000000000000	0.50208635609413244	0.61686986345790484	-0.16814001688489294	-0.04666324494901011	0.00000000000000000	0.00000000000000000	0.50208635609413244	-0.12553214203474927
