rep	id	rhoS	eta_deltaSC	rhoC_pop_value	eta_rhoC	eta_deltaCB	rhoB	S0	T0	eta_rhoS	eta_eta_deltaSC	eta_rhoC_pop_value	eta_eta_rhoC	eta_eta_deltaCB	eta_rhoB	eta_S0	eta_T0
1	1	0.58609034089122636	-0.60931102031963014	2.91117826345090069	0.00000000000000000	-0.16027058298789187	-0.20406757154639335	23622.57974720265701762	25581.08973631465414655	-0.04875812432264992	-0.60931102031963014	0.00000000000000000	0.00000000000000000	-0.16027058298789187	0.00000000000000000	0.00983992249292420	0.02077275123625277
2	1	0.64700757379118978	-0.20138126668008921	2.91117826345090069	0.00000000000000000	-0.11537073204612430	-0.20406757154639335	23302.05787757183497888	24184.41735836008592742	0.01215910857731350	-0.20138126668008921	0.00000000000000000	0.00000000000000000	-0.11537073204612430	0.00000000000000000	-0.00382142347880787	-0.03537213016247698
3	1	0.71068625241506678	-0.23461685630255119	2.91117826345090069	0.00000000000000000	0.21380655758899958	-0.20406757154639335	23033.35073347397337784	26105.26867410726481467	0.07583778720119050	-0.23461685630255119	0.00000000000000000	0.00000000000000000	0.21380655758899958	0.00000000000000000	-0.01541990353797651	0.04105651375104458
4	1	0.63711159935558714	-0.38950449484904826	2.91117826345090069	0.00000000000000000	-0.18730169868363172	-0.20406757154639335	23474.56777554477594094	24061.65819664672380895	0.00226313414171087	-0.38950449484904826	0.00000000000000000	0.00000000000000000	-0.18730169868363172	0.00000000000000000	0.00355451173122390	-0.04046101771336197
5	1	0.60496428851622186	-0.01381922708921840	2.91117826345090069	0.00000000000000000	-0.07907188879247798	-0.20406757154639335	23500.67291493397715385	25868.38340164080000250	-0.02988417669765442	-0.01381922708921840	0.00000000000000000	0.00000000000000000	-0.07907188879247798	0.00000000000000000	0.00466595434196115	0.03194085982494954
6	1	0.62886404894296744	-0.38785631699942053	2.91117826345090069	0.00000000000000000	-0.20424564091398223	-0.20406757154639335	23614.14694879852686427	25016.38367769024989684	-0.00598441627090884	-0.38785631699942053	0.00000000000000000	0.00000000000000000	-0.20424564091398223	0.00000000000000000	0.00948287834174977	-0.00154968778428000
7	1	0.60459298962733055	-0.18984152855682759	2.91117826345090069	0.00000000000000000	-0.17281822821413184	-0.20406757154639335	24383.14104543889698107	26287.97450461883636308	-0.03025547558654573	-0.18984152855682759	0.00000000000000000	0.00000000000000000	-0.17281822821413184	0.00000000000000000	0.04152885165265019	0.04803094633184912
8	1	0.60010945652499026	-0.24971356896612790	2.91117826345090069	0.00000000000000000	-0.12882079255876133	-0.20406757154639335	23963.49764692775352160	25235.14790578269457910	-0.03473900868888602	-0.24971356896612790	0.00000000000000000	0.00000000000000000	-0.12882079255876133	0.00000000000000000	0.02416864010348263	0.00715713579772448
9	1	0.65436068821081672	-0.21964713624322560	2.91117826345090069	0.00000000000000000	-0.16782462406814758	-0.20406757154639335	23326.15395201661885949	24375.27862998952332418	0.01951222299694044	-0.21964713624322560	0.00000000000000000	0.00000000000000000	-0.16782462406814758	0.00000000000000000	-0.00278788281129039	-0.02751119732144147
10	1	0.62171319679835524	-0.73185377215140091	2.91117826345090069	0.00000000000000000	-0.21294390069050267	-0.20406757154639335	22947.04940592842103797	24382.76133530673905625	-0.01313526841552104	-0.73185377215140091	0.00000000000000000	0.00000000000000000	-0.21294390069050267	0.00000000000000000	-0.01917373902549890	-0.02720426515676522
1	2	0.76546316127303515	0.22664274191137118	2.91117826345090069	0.00000000000000000	-0.17764016793616119	-0.20406757154639335	23160.66683711923178635	25167.19454004644649103	0.13061469605915887	0.22664274191137118	0.00000000000000000	0.00000000000000000	-0.17764016793616119	0.00000000000000000	-0.00990765616420575	0.00446069735412991
2	2	0.76428620886872212	0.63434522261397641	2.91117826345090069	0.00000000000000000	-0.25535079816986750	-0.20406757154639335	23801.53296294238680275	24421.57937790819050861	0.12943774365484584	0.63434522261397641	0.00000000000000000	0.00000000000000000	-0.25535079816986750	0.00000000000000000	0.01738688773461483	-0.02561350293274955
3	2	0.75565936469725770	0.16904526436511469	2.91117826345090069	0.00000000000000000	-0.20891871252030769	-0.20406757154639335	23499.98642922593717230	25379.48736871320215869	0.12081089948338142	0.16904526436511469	0.00000000000000000	0.00000000000000000	-0.20891871252030769	0.00000000000000000	0.00463674259396996	0.01286061873005551
4	2	0.79699020895926798	0.01156724108663779	2.91117826345090069	0.00000000000000000	-0.21904489849473213	-0.20406757154639335	22691.48157621182326693	25066.31463264040576178	0.16214174374539170	0.01156724108663779	0.00000000000000000	0.00000000000000000	-0.21904489849473213	0.00000000000000000	-0.03037350797671756	0.00044425316449725
5	2	0.75253861548639900	0.18993167523655988	2.91117826345090069	0.00000000000000000	-0.27692123771524935	-0.20406757154639335	23005.77052463732979959	25606.21925850111074396	0.11769015027252272	0.18993167523655988	0.00000000000000000	0.00000000000000000	-0.27692123771524935	0.00000000000000000	-0.01661802423977221	0.02175461665167688
6	2	0.76736073085513912	0.05627116211334179	2.91117826345090069	0.00000000000000000	-0.29300223542128345	-0.20406757154639335	23149.74781094050194952	24764.89254910232193652	0.13251226564126284	0.05627116211334179	0.00000000000000000	0.00000000000000000	-0.29300223542128345	0.00000000000000000	-0.01037921429919741	-0.01165361790398300
7	2	0.74503155704192314	0.45051327068043512	2.91117826345090069	0.00000000000000000	-0.25470467679787551	-0.20406757154639335	24028.59382779327279422	26758.32356519813401974	0.11018309182804686	0.45051327068043512	0.00000000000000000	0.00000000000000000	-0.25470467679787551	0.00000000000000000	0.02688142959802953	0.06576494114324305
8	2	0.79207578101943810	0.15769962958271963	2.91117826345090069	0.00000000000000000	-0.20191800122945952	-0.20406757154639335	23998.40781681716543972	25325.95413722515877453	0.15722731580556182	0.15769962958271963	0.00000000000000000	0.00000000000000000	-0.20191800122945952	0.00000000000000000	0.02562438610510576	0.01074908001593045
9	2	0.80999304503103864	0.29288694499597273	2.91117826345090069	0.00000000000000000	-0.19590369008745107	-0.20406757154639335	23364.47287149165276787	25401.29884328633852419	0.17514457981716236	0.29288694499597273	0.00000000000000000	0.00000000000000000	-0.19590369008745107	0.00000000000000000	-0.00114648578215792	0.01371966316561846
10	2	0.82822313886995980	0.44823558492947491	2.91117826345090069	0.00000000000000000	-0.19710901343011489	-0.20406757154639335	23214.80691451541497372	24487.57044750753993867	0.19337467365608352	0.44823558492947491	0.00000000000000000	0.00000000000000000	-0.19710901343011489	0.00000000000000000	-0.00757279691158352	-0.02291498497116251
1	3	0.57339677503109387	0.17003748962143150	2.91117826345090069	0.00000000000000000	-0.18233087776721132	-0.20406757154639335	22034.83251873594781500	26020.04126511609501904	-0.06145169018278240	0.17003748962143150	0.00000000000000000	0.00000000000000000	-0.18233087776721132	0.00000000000000000	-0.05973860350388271	0.03778641386907999
2	3	0.60823002566188544	0.20286883498596217	2.91117826345090069	0.00000000000000000	-0.17575991178238473	-0.20406757154639335	23742.07925722880099784	24230.70968929001173819	-0.02661843955199084	0.20286883498596217	0.00000000000000000	0.00000000000000000	-0.17575991178238473	0.00000000000000000	0.01488586882048715	-0.03345982102026746
3	3	0.62795006468282355	-0.02920929823898746	2.91117826345090069	0.00000000000000000	-0.15456984133334442	-0.20406757154639335	24188.51592424897535238	24802.36512367682007607	-0.00689840053105273	-0.02920929823898746	0.00000000000000000	0.00000000000000000	-0.15456984133334442	0.00000000000000000	0.03351487086784388	-0.01014162860004575
4	3	0.56642659531827166	0.41111551801863933	2.91117826345090069	0.00000000000000000	-0.18215774389234096	-0.20406757154639335	23229.04648920332692796	24370.06226851256360533	-0.06842186989560461	0.41111551801863933	0.00000000000000000	0.00000000000000000	-0.18215774389234096	0.00000000000000000	-0.00695960166224374	-0.02772522235032504
5	3	0.56368474133055457	0.16933743499204568	2.91117826345090069	0.00000000000000000	-0.18301881739758763	-0.20406757154639335	23473.70582723752158927	25755.76573316091162269	-0.07116372388332171	0.16933743499204568	0.00000000000000000	0.00000000000000000	-0.18301881739758763	0.00000000000000000	0.00351779266825503	0.02757786889866765
6	3	0.59545122557246244	0.07235024370721141	2.91117826345090069	0.00000000000000000	-0.19556975759401715	-0.20406757154639335	23451.79663384174637031	25187.09246206651732791	-0.03939723964141384	0.07235024370721141	0.00000000000000000	0.00000000000000000	-0.19556975759401715	0.00000000000000000	0.00258400639688006	0.00525101429595942
7	3	0.58531815472719673	0.16126914645206256	2.91117826345090069	0.00000000000000000	-0.10002381014723119	-0.20406757154639335	23105.68263171424405300	25922.48192796634248225	-0.04953031048667955	0.16126914645206256	0.00000000000000000	0.00000000000000000	-0.10002381014723119	0.00000000000000000	-0.01228451242894657	0.03402997517982520
8	3	0.63653218610486706	0.08402488127301130	2.91117826345090069	0.00000000000000000	-0.09795669774205459	-0.20406757154639335	23815.34261850993061671	26000.97525846202916000	0.00168372089099078	0.08402488127301130	0.00000000000000000	0.00000000000000000	-0.09795669774205459	0.00000000000000000	0.01796691974159081	0.03705340214490072
9	3	0.61156946208591856	-0.07089583250012238	2.91117826345090069	0.00000000000000000	-0.13907325905247234	-0.20406757154639335	23273.03923848580598133	25196.71777952782940702	-0.02327900312795772	-0.07089583250012238	0.00000000000000000	0.00000000000000000	-0.13907325905247234	0.00000000000000000	-0.00506752470619354	0.00563309407643864
10	3	0.58161990712086042	0.11055981641968252	2.91117826345090069	0.00000000000000000	-0.21448887690333052	-0.20406757154639335	23229.13520542028345517	25063.55892555254831677	-0.05322855809301585	0.11055981641968252	0.00000000000000000	0.00000000000000000	-0.21448887690333052	0.00000000000000000	-0.00695578247631268	0.00033431045389243
1	4	0.79242888348930529	0.42587939705613131	2.91117826345090069	0.00000000000000000	-0.12854076167316508	-0.20406757154639335	21813.85479516406121547	25195.44409248820738867	0.15758041827542901	0.42587939705613131	0.00000000000000000	0.00000000000000000	-0.12854076167316508	0.00000000000000000	-0.06981779208930838	0.00558254307832406
2	4	0.81756829574475554	0.40074503256472738	2.91117826345090069	0.00000000000000000	-0.18643081205196729	-0.20406757154639335	23087.86104166950462968	25137.94626746417998220	0.18271983053087926	0.40074503256472738	0.00000000000000000	0.00000000000000000	-0.18643081205196729	0.00000000000000000	-0.01305611770153448	0.00329786288399347
3	4	0.74721458455569412	0.54785164517365326	2.91117826345090069	0.00000000000000000	-0.19211622262361566	-0.20406757154639335	24037.24956510333868209	25091.14858129177446244	0.11236611934181784	0.54785164517365326	0.00000000000000000	0.00000000000000000	-0.19211622262361566	0.00000000000000000	0.02724159127595449	0.00143449266583495
4	4	0.77958814457891290	0.83965390629662540	2.91117826345090069	0.00000000000000000	-0.20167624520522656	-0.20406757154639335	22833.44635450419809786	24770.02322366887165117	0.14473967936503662	0.83965390629662540	0.00000000000000000	0.00000000000000000	-0.20167624520522656	0.00000000000000000	-0.02413669465610901	-0.01144646404069860
5	4	0.78631936815336734	0.33494189655898576	2.91117826345090069	0.00000000000000000	-0.15733248752471490	-0.20406757154639335	22625.62005792350828415	25837.55405409608283662	0.15147090293949106	0.33494189655898576	0.00000000000000000	0.00000000000000000	-0.15733248752471490	0.00000000000000000	-0.03328020599070136	0.03074837197094027
6	4	0.81953382338447689	0.34955275293965232	2.91117826345090069	0.00000000000000000	-0.17169116418857261	-0.20406757154639335	22924.66419123815285275	25807.68488526098371949	0.18468535817060061	0.34955275293965232	0.00000000000000000	0.00000000000000000	-0.17169116418857261	0.00000000000000000	-0.02014973118763130	0.02959166623082332
7	4	0.80192309753032887	0.58039629151460292	2.91117826345090069	0.00000000000000000	-0.17417255773191692	-0.20406757154639335	22634.27955270421080058	24664.14828496750851627	0.16707463231645259	0.58039629151460292	0.00000000000000000	0.00000000000000000	-0.17417255773191692	0.00000000000000000	-0.03289754960123226	-0.01572994234546776
8	4	0.75897687343625808	0.60445530381683854	2.91117826345090069	0.00000000000000000	-0.19082197620512920	-0.20406757154639335	23169.32497312368286657	25919.21084058676933637	0.12412840822238180	0.60445530381683854	0.00000000000000000	0.00000000000000000	-0.19082197620512920	0.00000000000000000	-0.00953389671522054	0.03390377994162108
9	4	0.81983445216810658	0.76240480079192452	2.91117826345090069	0.00000000000000000	-0.18263073876995350	-0.20406757154639335	23064.33667904265894322	25581.60802998329745606	0.18498598695423030	0.76240480079192452	0.00000000000000000	0.00000000000000000	-0.18263073876995350	0.00000000000000000	-0.01407554324683424	0.02079301184373783
10	4	0.73355465414353793	0.70442775192318774	2.91117826345090069	0.00000000000000000	-0.21531931855976544	-0.20406757154639335	22239.46543593067326583	25190.09715956045693019	0.09870618892966165	0.70442775192318774	0.00000000000000000	0.00000000000000000	-0.21531931855976544	0.00000000000000000	-0.05049466813691694	0.00537030231182811
1	5	0.62099270942181306	-0.13811259986064212	2.91117826345090069	0.00000000000000000	-0.41246415650744084	-0.20406757154639335	23948.03369007962464821	24363.67024151020450518	-0.01385575579206322	-0.13811259986064212	0.00000000000000000	0.00000000000000000	-0.41246415650744084	0.00000000000000000	0.02352311878727420	-0.02798754689268179
2	5	0.65402933060721913	0.19124043130227175	2.91117826345090069	0.00000000000000000	-0.28555732411230117	-0.20406757154639335	22610.45242584777952288	25911.52464909193076892	0.01918086539334285	0.19124043130227175	0.00000000000000000	0.00000000000000000	-0.28555732411230117	0.00000000000000000	-0.03395080499770309	0.03360719176942695
3	5	0.68638774517288670	-0.29401251852654547	2.91117826345090069	0.00000000000000000	-0.38718182712804916	-0.20406757154639335	22933.41530418013644521	24515.12411780706315767	0.05153927995901042	-0.29401251852654547	0.00000000000000000	0.00000000000000000	-0.38718182712804916	0.00000000000000000	-0.01976807050124840	-0.02179040709038205
4	5	0.57818781278831677	-0.29462768554134788	2.91117826345090069	0.00000000000000000	-0.38441047221898328	-0.20406757154639335	23576.78616376433637924	24535.47829270422153058	-0.05666065242555951	-0.29462768554134788	0.00000000000000000	0.00000000000000000	-0.38441047221898328	0.00000000000000000	0.00789948973823407	-0.02096048145990359
5	5	0.64271146547142155	0.43210853872826316	2.91117826345090069	0.00000000000000000	-0.28649786244446335	-0.20406757154639335	23311.49093281263048993	24715.93818615877535194	0.00786300025754527	0.43210853872826316	0.00000000000000000	0.00000000000000000	-0.28649786244446335	0.00000000000000000	-0.00341668899236325	-0.01363233888294957
6	5	0.65062795226024506	0.03747989243757888	2.91117826345090069	0.00000000000000000	-0.33379906026725470	-0.20406757154639335	23454.60394871376411174	25861.76490719941648422	0.01577948704636878	0.03747989243757888	0.00000000000000000	0.00000000000000000	-0.33379906026725470	0.00000000000000000	0.00270370498131633	0.03168497443919804
7	5	0.64712475655403212	0.20895914613662753	2.91117826345090069	0.00000000000000000	-0.28615964106516206	-0.20406757154639335	22973.96726660306376289	25312.97022368645048118	0.01227629134015584	0.20895914613662753	0.00000000000000000	0.00000000000000000	-0.28615964106516206	0.00000000000000000	-0.01800138415584840	0.01023627631849422
8	5	0.62880266968684173	-0.19081815512186376	2.91117826345090069	0.00000000000000000	-0.39015047202556752	-0.20406757154639335	23699.54673679752886528	26724.65407280736326356	-0.00604579552703455	-0.19081815512186376	0.00000000000000000	0.00000000000000000	-0.39015047202556752	0.00000000000000000	0.01309282185233052	0.06450586775856415
9	5	0.62175025429590136	-0.06083381415012390	2.91117826345090069	0.00000000000000000	-0.39056739595505807	-0.20406757154639335	23591.80877636727018398	23480.29080274278021534	-0.01309821091797492	-0.06083381415012390	0.00000000000000000	0.00000000000000000	-0.39056739595505807	0.00000000000000000	0.00853646495998639	-0.06491926510541646
10	5	0.69232911452051182	0.06218623483966704	2.91117826345090069	0.00000000000000000	-0.25375907128162078	-0.20406757154639335	23014.37201903692402993	24252.20720792449719738	0.05748064930663555	0.06218623483966704	0.00000000000000000	0.00000000000000000	-0.25375907128162078	0.00000000000000000	-0.01624420990438225	-0.03257301298893900
1	6	0.64612482892686296	0.35277582045186995	2.91117826345090069	0.00000000000000000	-0.09543919711209581	-0.20406757154639335	23081.09909444644654286	24980.47736183960296330	0.01127636371298668	0.35277582045186995	0.00000000000000000	0.00000000000000000	-0.09543919711209581	0.00000000000000000	-0.01334903949364197	-0.00298603083771276
2	6	0.64044213266258077	-0.00637913902392449	2.91117826345090069	0.00000000000000000	-0.10776449615204997	-0.20406757154639335	22279.83995292782856268	25718.97884396177323652	0.00559366744870449	-0.00637913902392449	0.00000000000000000	0.00000000000000000	-0.10776449615204997	0.00000000000000000	-0.04868086948424732	0.02614855066642896
3	6	0.62485303865922015	0.02582865599891399	2.91117826345090069	0.00000000000000000	-0.12987266681622917	-0.20406757154639335	23222.94311840975569794	24490.91392701793665765	-0.00999542655465613	0.02582865599891399	0.00000000000000000	0.00000000000000000	-0.12987266681622917	0.00000000000000000	-0.00722238355297655	-0.02277845647060595
4	6	0.63632751744066773	0.22999376881065617	2.91117826345090069	0.00000000000000000	-0.13041239563207646	-0.20406757154639335	23797.27626889721432235	25120.54441922604019055	0.00147905222679146	0.22999376881065617	0.00000000000000000	0.00000000000000000	-0.13041239563207646	0.00000000000000000	0.01720803056884890	0.00260536899108921
5	6	0.61966444868388160	0.11151875353324579	2.91117826345090069	0.00000000000000000	-0.14460588177255654	-0.20406757154639335	23165.81103236550916336	26559.98529891466750996	-0.01518401652999468	0.11151875353324579	0.00000000000000000	0.00000000000000000	-0.14460588177255654	0.00000000000000000	-0.00968557171039031	0.05832512598941264
6	6	0.58546284195727316	0.11312641532107154	2.91117826345090069	0.00000000000000000	-0.17857459189025940	-0.20406757154639335	23070.57782215771658230	25074.57581175722589251	-0.04938562325660312	0.11312641532107154	0.00000000000000000	0.00000000000000000	-0.17857459189025940	0.00000000000000000	-0.01380498273011455	0.00077377181158766
7	6	0.61735701967065781	0.24990021280960353	2.91117826345090069	0.00000000000000000	-0.06661152129076317	-0.20406757154639335	23489.96839012312193518	26191.07008552209663321	-0.01749144554321846	0.24990021280960353	0.00000000000000000	0.00000000000000000	-0.06661152129076317	0.00000000000000000	0.00421035191991592	0.04433787112471066
8	6	0.63700096953473173	0.02628270989462139	2.91117826345090069	0.00000000000000000	-0.11362503300890293	-0.20406757154639335	23084.82544833928477601	24941.13959972997690784	0.00215250432085545	0.02628270989462139	0.00000000000000000	0.00000000000000000	-0.11362503300890293	0.00000000000000000	-0.01318760640472050	-0.00456201225201269
9	6	0.60329028285366737	-0.00697088171220367	2.91117826345090069	0.00000000000000000	-0.11397722600323473	-0.20406757154639335	23725.85858877997088712	25207.25978001213661628	-0.03155818236020891	-0.00697088171220367	0.00000000000000000	0.00000000000000000	-0.11397722600323473	0.00000000000000000	0.01420243196536930	0.00605139442289726
10	6	0.61980389933838265	0.08903823445051123	2.91117826345090069	0.00000000000000000	-0.12643207077060684	-0.20406757154639335	23193.38047380595889990	24234.93968438779484131	-0.01504456587549363	0.08903823445051123	0.00000000000000000	0.00000000000000000	-0.12643207077060684	0.00000000000000000	-0.00849618752163295	-0.03328526460089876
1	7	0.40357365350787061	0.13586809253752311	2.91117826345090069	0.00000000000000000	-0.10003152092911483	-0.20406757154639335	23291.87244227572227828	24990.57044979673446505	-0.23127481170600567	0.13586809253752311	0.00000000000000000	0.00000000000000000	-0.10003152092911483	0.00000000000000000	-0.00425862357712248	-0.00258207340490380
2	7	0.39411432945660829	0.31667074368300518	2.91117826345090069	0.00000000000000000	-0.10832749790182543	-0.20406757154639335	24217.09384653880988481	25184.55592174441335374	-0.24073413575726799	0.31667074368300518	0.00000000000000000	0.00000000000000000	-0.10832749790182543	0.00000000000000000	0.03469564002850412	0.00515030127958482
3	7	0.37868690728689181	0.20061669999364792	2.91117826345090069	0.00000000000000000	-0.14637692974473135	-0.20406757154639335	23430.10696381854359061	25102.36128801092490903	-0.25616155792698447	0.20061669999364792	0.00000000000000000	0.00000000000000000	-0.14637692974473135	0.00000000000000000	0.00165871668352580	0.00188127181855258
4	7	0.46959685537482904	-0.01116241507495555	2.91117826345090069	0.00000000000000000	-0.02276759365500088	-0.20406757154639335	23325.40078116727818269	24892.62206281379985739	-0.16525160983904724	-0.01116241507495555	0.00000000000000000	0.00000000000000000	-0.02276759365500088	0.00000000000000000	-0.00282017201810092	-0.00650918824784519
5	7	0.42147479931721249	-0.10691004203900206	2.91117826345090069	0.00000000000000000	-0.12499763155536533	-0.20406757154639335	23312.93871499725719332	25659.80553198011330096	-0.21337366589666379	-0.10691004203900206	0.00000000000000000	0.00000000000000000	-0.12499763155536533	0.00000000000000000	-0.00335458497539065	0.02384513540024535
6	7	0.42792221020487653	0.40103000595236749	2.91117826345090069	0.00000000000000000	-0.04248438708555374	-0.20406757154639335	22263.20084215964016039	24381.36854212286925758	-0.20692625500899975	0.40103000595236749	0.00000000000000000	0.00000000000000000	-0.04248438708555374	0.00000000000000000	-0.04942797211779570	-0.02726138883303086
7	7	0.52090525406508004	-0.03864279954662536	2.91117826345090069	0.00000000000000000	0.00069453262331047	-0.20406757154639335	22852.71248558167644660	23983.80936578116961755	-0.11394321114879624	-0.03864279954662536	0.00000000000000000	0.00000000000000000	0.00069453262331047	0.00000000000000000	-0.02329328244073814	-0.04370165217667399
8	7	0.42587423303405286	0.01748904277126538	2.91117826345090069	0.00000000000000000	-0.13505463460463285	-0.20406757154639335	23611.70061717331554973	24199.31416378714493476	-0.20897423217982342	0.01748904277126538	0.00000000000000000	0.00000000000000000	-0.13505463460463285	0.00000000000000000	0.00937927695592045	-0.03475635269227695
9	7	0.46743537750982772	0.34928594833094584	2.91117826345090069	0.00000000000000000	0.01001786738780251	-0.20406757154639335	22699.00932587778879679	24852.94195000435865950	-0.16741308770404856	0.34928594833094584	0.00000000000000000	0.00000000000000000	0.01001786738780251	0.00000000000000000	-0.03004181957302876	-0.00810451124850076
10	7	0.44301508139412438	-0.24992773203252114	2.91117826345090069	0.00000000000000000	-0.16961514036877218	-0.20406757154639335	23333.41045614309405209	23875.37327750320400810	-0.19183338381975190	-0.24992773203252114	0.00000000000000000	0.00000000000000000	-0.16961514036877218	0.00000000000000000	-0.00247684243716684	-0.04823312420955439
