rep	id	rhoS	eta_deltaSC	rhoC_pop_value	eta_rhoC	eta_deltaCB	rhoB	eta_rhoS	eta_eta_deltaSC	eta_rhoC_pop_value	eta_eta_rhoC	eta_eta_deltaCB	eta_rhoB
1	1	0.62830194173482634	-0.18078593412328545	3.45813743160340437	0.00000000000000000	0.01361238493114772	0.27949008651556012	0.01531355504488607	-0.18078593412328545	0.00000000000000000	0.00000000000000000	0.01361238493114772	0.01744372334455069
2	1	0.61929018357141108	-0.04294703674253965	3.45813743160340437	0.00000000000000000	0.06214497823305024	0.20019666831214367	0.00630179688147081	-0.04294703674253965	0.00000000000000000	0.00000000000000000	0.06214497823305024	-0.06184969485886577
3	1	0.56089338595409965	-0.64344211281197250	3.45813743160340437	0.00000000000000000	-0.06788165097332598	0.23080280663800765	-0.05209500073584061	-0.64344211281197250	0.00000000000000000	0.00000000000000000	-0.06788165097332598	-0.03124355653300179
4	1	0.60774020411178009	-0.11918332372030294	3.45813743160340437	0.00000000000000000	0.08471687962687195	0.23842682853073024	-0.00524818257816018	-0.11918332372030294	0.00000000000000000	0.00000000000000000	0.08471687962687195	-0.02361953464027919
5	1	0.57007973427072134	-0.20881644961667459	3.45813743160340437	0.00000000000000000	-0.03416978475370482	0.24032789474864077	-0.04290865241921893	-0.20881644961667459	0.00000000000000000	0.00000000000000000	-0.03416978475370482	-0.02171846842236866
6	1	0.61148008110866026	-0.39029958970870110	3.45813743160340437	0.00000000000000000	0.14685727953922809	0.27731972189911608	-0.00150830558128001	-0.39029958970870110	0.00000000000000000	0.00000000000000000	0.14685727953922809	0.01527335872810665
7	1	0.61680784389839460	-0.53292643146866614	3.45813743160340437	0.00000000000000000	0.03234857509056691	0.25676936523391825	0.00381945720845434	-0.53292643146866614	0.00000000000000000	0.00000000000000000	0.03234857509056691	-0.00527699793709119
8	1	0.59152281608590329	-0.01780016301490567	3.45813743160340437	0.00000000000000000	0.06670040324553532	0.25414506787454128	-0.02146557060403698	-0.01780016301490567	0.00000000000000000	0.00000000000000000	0.06670040324553532	-0.00790129529646816
9	1	0.61274342615819855	-0.50974165655735759	3.45813743160340437	0.00000000000000000	0.07079982412396406	0.18572548610924619	-0.00024496053174172	-0.50974165655735759	0.00000000000000000	0.00000000000000000	0.07079982412396406	-0.07632087706176324
10	1	0.61914388826126088	-0.36829929762273117	3.45813743160340437	0.00000000000000000	0.08445091379375587	0.24119869457135526	0.00615550157132061	-0.36829929762273117	0.00000000000000000	0.00000000000000000	0.08445091379375587	-0.02084766859965417
1	2	0.78987424979255050	0.18287713476667880	3.45813743160340437	0.00000000000000000	-0.09144457614877091	0.24795036067631426	0.17688586310261023	0.18287713476667880	0.00000000000000000	0.00000000000000000	-0.09144457614877091	-0.01409600249469517
2	2	0.69494062055553252	0.30312536352443120	3.45813743160340437	0.00000000000000000	-0.13084158173646471	0.24102528886487340	0.08195223386559225	0.30312536352443120	0.00000000000000000	0.00000000000000000	-0.13084158173646471	-0.02102107430613603
3	2	0.76382553864496738	0.10228370560632749	3.45813743160340437	0.00000000000000000	-0.02339520550096422	0.30997719933665646	0.15083715195502712	0.10228370560632749	0.00000000000000000	0.00000000000000000	-0.02339520550096422	0.04793083616564703
4	2	0.75501814839963188	0.10902855247372088	3.45813743160340437	0.00000000000000000	-0.01233936942746375	0.21859747134613935	0.14202976170969162	0.10902855247372088	0.00000000000000000	0.00000000000000000	-0.01233936942746375	-0.04344889182487008
5	2	0.79816469815949354	0.25783489370415275	3.45813743160340437	0.00000000000000000	-0.02590887064605898	0.23388354731496397	0.18517631146955327	0.25783489370415275	0.00000000000000000	0.00000000000000000	-0.02590887064605898	-0.02816281585604546
6	2	0.74154176156271812	-0.06042550713673424	3.45813743160340437	0.00000000000000000	-0.06960869792842193	0.32382656567227985	0.12855337487277785	-0.06042550713673424	0.00000000000000000	0.00000000000000000	-0.06960869792842193	0.06178020250127042
7	2	0.75746825232568826	0.05046729836163024	3.45813743160340437	0.00000000000000000	-0.05913938330617732	0.18385771250339761	0.14447986563574799	0.05046729836163024	0.00000000000000000	0.00000000000000000	-0.05913938330617732	-0.07818865066761183
8	2	0.82053385742486784	0.16960762398186396	3.45813743160340437	0.00000000000000000	-0.05982864128991401	0.20051618086815917	0.20754547073492757	0.16960762398186396	0.00000000000000000	0.00000000000000000	-0.05982864128991401	-0.06153018230285026
9	2	0.74097849412330874	0.05698421049487724	3.45813743160340437	0.00000000000000000	-0.08219640442264164	0.22888168372625387	0.12799010743336847	0.05698421049487724	0.00000000000000000	0.00000000000000000	-0.08219640442264164	-0.03316467944475557
10	2	0.80487698892688042	-0.09772692246799670	3.45813743160340437	0.00000000000000000	-0.00903720964307902	0.25468555530692177	0.19188860223694015	-0.09772692246799670	0.00000000000000000	0.00000000000000000	-0.00903720964307902	-0.00736080786408766
1	3	0.59009067154305650	-0.39002902812289086	3.45813743160340437	0.00000000000000000	-0.01165909201605615	0.28193309508368569	-0.02289771514688377	-0.39002902812289086	0.00000000000000000	0.00000000000000000	-0.01165909201605615	0.01988673191267626
2	3	0.56819044323877532	-0.08608782587876712	3.45813743160340437	0.00000000000000000	-0.00049507514056503	0.25035882184737129	-0.04479794345116495	-0.08608782587876712	0.00000000000000000	0.00000000000000000	-0.00049507514056503	-0.01168754132363814
3	3	0.57264886550627758	0.20045472887718030	3.45813743160340437	0.00000000000000000	0.04389415394019541	0.23236842819272069	-0.04033952118366269	0.20045472887718030	0.00000000000000000	0.00000000000000000	0.04389415394019541	-0.02967793497828874
4	3	0.55961662727394001	0.08762194907532406	3.45813743160340437	0.00000000000000000	-0.02197986718765097	0.25017059137912545	-0.05337175941600025	0.08762194907532406	0.00000000000000000	0.00000000000000000	-0.02197986718765097	-0.01187577179188398
5	3	0.59389716842173101	0.17677140634517591	3.45813743160340437	0.00000000000000000	0.02406920035938465	0.30158819275326798	-0.01909121826820925	0.17677140634517591	0.00000000000000000	0.00000000000000000	0.02406920035938465	0.03954182958225855
6	3	0.57924484352222239	-0.07690306304808611	3.45813743160340437	0.00000000000000000	-0.04979714804098676	0.20847961419995234	-0.03374354316771788	-0.07690306304808611	0.00000000000000000	0.00000000000000000	-0.04979714804098676	-0.05356674897105709
7	3	0.58627479627587253	-0.06458899129609105	3.45813743160340437	0.00000000000000000	0.00016104234976100	0.31679723079871275	-0.02671359041406773	-0.06458899129609105	0.00000000000000000	0.00000000000000000	0.00016104234976100	0.05475086762770331
8	3	0.52817979770236179	0.06904841301634887	3.45813743160340437	0.00000000000000000	0.00326512259442841	0.25455974156637373	-0.08480858898757848	0.06904841301634887	0.00000000000000000	0.00000000000000000	0.00326512259442841	-0.00748662160463570
9	3	0.54862022463157900	-0.07923508274658204	3.45813743160340437	0.00000000000000000	0.00055882000226489	0.26322529142188900	-0.06436816205836127	-0.07923508274658204	0.00000000000000000	0.00000000000000000	0.00055882000226489	0.00117892825087956
10	3	0.60547027179909685	0.15380894499189779	3.45813743160340437	0.00000000000000000	0.01271882578236390	0.29100784063072765	-0.00751811489084342	0.15380894499189779	0.00000000000000000	0.00000000000000000	0.01271882578236390	0.02896147745971822
1	4	0.74917294952662006	0.36457739903677261	3.45813743160340437	0.00000000000000000	0.01405991983466017	0.29774310502318768	0.13618456283667979	0.36457739903677261	0.00000000000000000	0.00000000000000000	0.01405991983466017	0.03569674185217825
2	4	0.75047233606224573	0.48297628768604428	3.45813743160340437	0.00000000000000000	0.03179802797434039	0.29366477712952793	0.13748394937230546	0.48297628768604428	0.00000000000000000	0.00000000000000000	0.03179802797434039	0.03161841395851850
3	4	0.76593016930902003	0.09813581569933069	3.45813743160340437	0.00000000000000000	0.01126071186386500	0.23232107343945627	0.15294178261907976	0.09813581569933069	0.00000000000000000	0.00000000000000000	0.01126071186386500	-0.02972528973155317
4	4	0.77261014241302006	0.26587623180747771	3.45813743160340437	0.00000000000000000	0.07836349115333210	0.28227704353801519	0.15962175572307979	0.26587623180747771	0.00000000000000000	0.00000000000000000	0.07836349115333210	0.02023068036700576
5	4	0.70398623523269577	0.42116529992151547	3.45813743160340437	0.00000000000000000	0.00839092330737084	0.25737065500013717	0.09099784854275550	0.42116529992151547	0.00000000000000000	0.00000000000000000	0.00839092330737084	-0.00467570817087226
6	4	0.77326016012200027	0.42546365228921718	3.45813743160340437	0.00000000000000000	0.04925094848922824	0.27484540803401841	0.16027177343206001	0.42546365228921718	0.00000000000000000	0.00000000000000000	0.04925094848922824	0.01279904486300898
7	4	0.74869184199321159	0.18502400848254497	3.45813743160340437	0.00000000000000000	0.05739728718105282	0.25502798553970946	0.13570345530327133	0.18502400848254497	0.00000000000000000	0.00000000000000000	0.05739728718105282	-0.00701837763129998
8	4	0.74461198831621089	0.50165635055324520	3.45813743160340437	0.00000000000000000	0.00529183923342948	0.23730070269471962	0.13162360162627063	0.50165635055324520	0.00000000000000000	0.00000000000000000	0.00529183923342948	-0.02474566047628982
9	4	0.74787603455999108	0.24984592758060273	3.45813743160340437	0.00000000000000000	0.08389631200173400	0.28741225160191280	0.13488764787005081	0.24984592758060273	0.00000000000000000	0.00000000000000000	0.08389631200173400	0.02536588843090337
10	4	0.76003897046699731	0.29370410801555741	3.45813743160340437	0.00000000000000000	0.10270917477539790	0.27383236155790458	0.14705058377705704	0.29370410801555741	0.00000000000000000	0.00000000000000000	0.10270917477539790	0.01178599838689515
1	5	0.62685715984651502	-0.23426825384655919	3.45813743160340437	0.00000000000000000	-0.11679445708121444	0.32524721885506175	0.01386877315657475	-0.23426825384655919	0.00000000000000000	0.00000000000000000	-0.11679445708121444	0.06320085568405232
2	5	0.62713664447148110	0.11393247073204400	3.45813743160340437	0.00000000000000000	-0.18019721131512573	0.26125955034115866	0.01414825778154083	0.11393247073204400	0.00000000000000000	0.00000000000000000	-0.18019721131512573	-0.00078681282985077
3	5	0.56586553645303261	-0.00221802001756638	3.45813743160340437	0.00000000000000000	-0.16318878555713973	0.28004466373199444	-0.04712285023690765	-0.00221802001756638	0.00000000000000000	0.00000000000000000	-0.16318878555713973	0.01799830056098500
4	5	0.63419983074745323	-0.02677950126425269	3.45813743160340437	0.00000000000000000	-0.15989748214834826	0.28063674622359253	0.02121144405751296	-0.02677950126425269	0.00000000000000000	0.00000000000000000	-0.15989748214834826	0.01859038305258309
5	5	0.59050421485643556	-0.04404993976554997	3.45813743160340437	0.00000000000000000	-0.18868685211771802	0.26661764642915264	-0.02248417183350471	-0.04404993976554997	0.00000000000000000	0.00000000000000000	-0.18868685211771802	0.00457128325814321
6	5	0.62589935791367357	0.15566515850918752	3.45813743160340437	0.00000000000000000	-0.13751937351816429	0.28082861074034854	0.01291097122373330	0.15566515850918752	0.00000000000000000	0.00000000000000000	-0.13751937351816429	0.01878224756933911
7	5	0.65674588826165559	0.13583142223420058	3.45813743160340437	0.00000000000000000	-0.13078425842960095	0.24987144535632122	0.04375750157171532	0.13583142223420058	0.00000000000000000	0.00000000000000000	-0.13078425842960095	-0.01217491781468821
8	5	0.60456189014724249	0.06431030519912179	3.45813743160340437	0.00000000000000000	-0.15946164723512971	0.22556516383010625	-0.00842649654269778	0.06431030519912179	0.00000000000000000	0.00000000000000000	-0.15946164723512971	-0.03648119934090319
9	5	0.62263597415430028	-0.18979711207474168	3.45813743160340437	0.00000000000000000	-0.15236055420873990	0.28439573866454043	0.00964758746436001	-0.18979711207474168	0.00000000000000000	0.00000000000000000	-0.15236055420873990	0.02234937549353100
10	5	0.62836323403893002	0.01784078263802471	3.45813743160340437	0.00000000000000000	-0.14321836331226301	0.30868351441991548	0.01537484734898975	0.01784078263802471	0.00000000000000000	0.00000000000000000	-0.14321836331226301	0.04663715124890605
1	6	0.62557102282249855	0.09878152721617522	3.45813743160340437	0.00000000000000000	0.17182958316602223	0.33237919673333599	0.01258263613255828	0.09878152721617522	0.00000000000000000	0.00000000000000000	0.17182958316602223	0.07033283356232656
2	6	0.61955312005069785	-0.03961097814814227	3.45813743160340437	0.00000000000000000	-0.01717611728872502	0.24054547028484607	0.00656473336075758	-0.03961097814814227	0.00000000000000000	0.00000000000000000	-0.01717611728872502	-0.02150089288616336
3	6	0.60249355644346703	-0.04082604017215349	3.45813743160340437	0.00000000000000000	0.05133626309736464	0.30122323339296370	-0.01049483024647324	-0.04082604017215349	0.00000000000000000	0.00000000000000000	0.05133626309736464	0.03917687022195426
4	6	0.61848974805395995	-0.09830903643660237	3.45813743160340437	0.00000000000000000	0.01000086127664243	0.31798302260360456	0.00550136136401969	-0.09830903643660237	0.00000000000000000	0.00000000000000000	0.01000086127664243	0.05593665943259513
5	6	0.63108066944188701	0.17154369502290961	3.45813743160340437	0.00000000000000000	0.05185432698474510	0.26331341402450714	0.01809228275194674	0.17154369502290961	0.00000000000000000	0.00000000000000000	0.05185432698474510	0.00126705085349771
6	6	0.64778752675719853	-0.24724541864846694	3.45813743160340437	0.00000000000000000	0.09011013026863696	0.22987364132986107	0.03479914006725826	-0.24724541864846694	0.00000000000000000	0.00000000000000000	0.09011013026863696	-0.03217272184114836
7	6	0.63678822368119004	-0.21430163667443364	3.45813743160340437	0.00000000000000000	-0.06479119480205503	0.27649155445019724	0.02379983699124977	-0.21430163667443364	0.00000000000000000	0.00000000000000000	-0.06479119480205503	0.01444519127918781
8	6	0.59311796753288826	0.10807895118120406	3.45813743160340437	0.00000000000000000	0.15004744836213235	0.27901461189942084	-0.01987041915705201	0.10807895118120406	0.00000000000000000	0.00000000000000000	0.15004744836213235	0.01696824872841141
9	6	0.56395297342586981	-0.07201931420145714	3.45813743160340437	0.00000000000000000	0.10581382462066823	0.27433320019591173	-0.04903541326407046	-0.07201931420145714	0.00000000000000000	0.00000000000000000	0.10581382462066823	0.01228683702490230
10	6	0.62437858260114487	0.07396119954610247	3.45813743160340437	0.00000000000000000	0.12181204894259667	0.26418715623611855	0.01139019591120460	0.07396119954610247	0.00000000000000000	0.00000000000000000	0.12181204894259667	0.00214079306510911
1	7	0.40621653236762362	0.17730426281844608	3.45813743160340437	0.00000000000000000	0.04280599837096179	0.22729302024118078	-0.20677185432231665	0.17730426281844608	0.00000000000000000	0.00000000000000000	0.04280599837096179	-0.03475334292982865
2	7	0.40586316380221632	-0.04947252873940116	3.45813743160340437	0.00000000000000000	0.00965352450173479	0.21418485845276691	-0.20712522288772395	-0.04947252873940116	0.00000000000000000	0.00000000000000000	0.00965352450173479	-0.04786150471824252
3	7	0.38260279773211953	0.00433224143105846	3.45813743160340437	0.00000000000000000	0.06944206830516650	0.23101647131356301	-0.23038558895782074	0.00433224143105846	0.00000000000000000	0.00000000000000000	0.06944206830516650	-0.03102989185744642
4	7	0.36552966707342993	-0.18201366729449545	3.45813743160340437	0.00000000000000000	0.07309818008799529	0.27509527484165575	-0.24745871961651034	-0.18201366729449545	0.00000000000000000	0.00000000000000000	0.07309818008799529	0.01304891167064631
5	7	0.46156195185064552	0.01390661109705787	3.45813743160340437	0.00000000000000000	0.10083158836480585	0.21918520440494479	-0.15142643483929474	0.01390661109705787	0.00000000000000000	0.00000000000000000	0.10083158836480585	-0.04286115876606464
6	7	0.37296817690804746	0.15109130137854271	3.45813743160340437	0.00000000000000000	0.04703273742211319	0.21175207725384901	-0.24002020978189281	0.15109130137854271	0.00000000000000000	0.00000000000000000	0.04703273742211319	-0.05029428591716043
7	7	0.36483004775415434	0.03070441349229515	3.45813743160340437	0.00000000000000000	0.07191741685076905	0.22802668096142178	-0.24815833893578593	0.03070441349229515	0.00000000000000000	0.00000000000000000	0.07191741685076905	-0.03401968220958765
8	7	0.39480320113481304	-0.12991785276892376	3.45813743160340437	0.00000000000000000	0.07302060954682102	0.27667038438959474	-0.21818518555512723	-0.12991785276892376	0.00000000000000000	0.00000000000000000	0.07302060954682102	0.01462402121858530
9	7	0.40073812880605247	-0.06234764660444686	3.45813743160340437	0.00000000000000000	0.01409413829538017	0.23431525496785965	-0.21225025788388779	-0.06234764660444686	0.00000000000000000	0.00000000000000000	0.01409413829538017	-0.02773110820314978
10	7	0.40977671787310721	0.06690467053657453	3.45813743160340437	0.00000000000000000	0.09504358072462900	0.29918615847715740	-0.20321166881683306	0.06690467053657453	0.00000000000000000	0.00000000000000000	0.09504358072462900	0.03713979530614797
