rep	id	rhoS	eta_deltaSC	rhoC_pop_value	eta_rhoC	eta_deltaCB	rhoB
1	AG111	0.529094	-0.340190	2.610532	2015521381171395714613248.000000	410.446298	0.906403
2	AG111	0.626503	-0.393342	2.610532	2250423269184145027235840.000000	471.027107	0.747732
3	AG111	0.603694	-0.294614	2.610532	-1368867653363194832879616.000000	242.712089	0.849973
4	AG111	0.578367	-0.232507	2.610532	2272964180239003452178432.000000	127.695873	0.769855
5	AG111	0.595232	-0.668198	2.610532	-1410247955596540100214784.000000	117.834183	0.779353
6	AG111	0.619316	-0.881414	2.610532	1825990843890355562086400.000000	211.195568	0.754226
7	AG111	0.587799	-0.630441	2.610532	-4689687136880187253194752.000000	121.795893	0.759091
8	AG111	0.591129	-0.310366	2.610532	681105767947480818778112.000000	453.057482	0.796606
9	AG111	0.580935	-0.100977	2.610532	153556095051424440778752.000000	214.563565	0.756547
10	AG111	0.585595	-0.185420	2.610532	2608792227752363524358144.000000	318.096815	0.770972
1	AG112	0.755722	0.083211	2.610532	3666801353013376594214912.000000	199.004946	0.950036
2	AG112	0.793201	0.572614	2.610532	-2919449890900257846329344.000000	427.764317	0.849678
3	AG112	0.746914	-0.247546	2.610532	2186185586792201753460736.000000	227.506791	0.932055
4	AG112	0.763736	0.101479	2.610532	-6358886019412429996294144.000000	144.515614	0.786143
5	AG112	0.751113	0.154492	2.610532	-5316213938200363579473920.000000	606.693709	0.844595
6	AG112	0.731024	-0.152745	2.610532	3838979320433142111666176.000000	63.961856	0.976381
7	AG112	0.764295	-0.551300	2.610532	-3792715231672888945803264.000000	149.722728	0.896095
8	AG112	0.742074	0.069801	2.610532	-7010311431395454316707840.000000	77.921853	0.930643
9	AG112	0.738474	-0.192836	2.610532	-2214270385950207999213568.000000	436.109021	0.931079
10	AG112	0.734795	-0.123803	2.610532	1246336266983055330115584.000000	121.098973	0.905812
1	AG139	0.562114	0.137111	2.610532	511916074751364991811584.000000	279.947792	0.795010
2	AG139	0.522774	0.061630	2.610532	-2909895374166483925991424.000000	298.482995	0.851043
3	AG139	0.625810	0.241880	2.610532	1231018513035363784589312.000000	227.345228	0.740828
4	AG139	0.565590	-0.231555	2.610532	-5047572517984772437311488.000000	205.487322	0.868132
5	AG139	0.627243	-0.388932	2.610532	-987395485948759244800.000000	489.026121	0.858044
6	AG139	0.568161	0.354558	2.610532	245932366852334465056768.000000	338.092122	0.754826
7	AG139	0.555570	-0.107369	2.610532	-701465081809202111840256.000000	600.269896	0.824511
8	AG139	0.601115	0.441315	2.610532	-178506547391225231572992.000000	165.156527	0.788105
9	AG139	0.579083	-0.226028	2.610532	135686584421401636110336.000000	226.800787	0.944172
10	AG139	0.539867	-0.173581	2.610532	3696209059968598199500800.000000	260.601205	0.880428
1	AG142	0.783214	0.151041	2.610532	-2444555577076399806087168.000000	192.355663	0.915008
2	AG142	0.758697	0.240021	2.610532	-6117279943851901758472192.000000	107.530559	0.857594
3	AG142	0.766762	0.262557	2.610532	-2103593012785026936340480.000000	346.554601	0.783829
4	AG142	0.704231	0.516825	2.610532	-2211744446033661062545408.000000	299.007788	0.818712
5	AG142	0.774961	-0.188152	2.610532	-1729925990852183745101824.000000	269.267230	0.911440
6	AG142	0.752492	0.333945	2.610532	910491633295409723473920.000000	341.783695	0.800803
7	AG142	0.742207	0.253129	2.610532	-1955761482623704046239744.000000	213.954669	0.811559
8	AG142	0.756337	0.730539	2.610532	197094092693999687041024.000000	309.523177	0.798354
9	AG142	0.763965	0.102232	2.610532	-4499521663305645467631616.000000	230.083224	0.873268
10	AG142	0.735069	0.071835	2.610532	2399785891433633221181440.000000	90.832130	0.830282
1	GD14	0.621617	0.120968	2.610532	619322493730670390542336.000000	98.948252	0.893589
2	GD14	0.627704	0.225175	2.610532	406742489357761971748864.000000	113.363096	0.896687
3	GD14	0.639901	-0.116970	2.610532	2181553962098341563072512.000000	554.553476	0.896047
4	GD14	0.606082	-0.341204	2.610532	1613966986526699926061056.000000	167.045193	0.961204
5	GD14	0.609673	-0.401120	2.610532	-5448104804986533636472832.000000	187.371857	1.041636
6	GD14	0.583232	0.056858	2.610532	-3426268733802137717309440.000000	66.141163	0.920821
7	GD14	0.615049	0.177138	2.610532	4056306219653812094763008.000000	122.088284	0.943947
8	GD14	0.602649	0.088819	2.610532	-4388320695636718124007424.000000	407.636114	0.955605
9	GD14	0.598062	0.039904	2.610532	-4716381080914823582056448.000000	226.556384	0.920924
10	GD14	0.664450	0.002262	2.610532	-4918610816724992983564288.000000	173.905432	0.888088
1	GD15	0.557186	0.213182	2.610532	-2610919045606277145165824.000000	228.289564	0.833463
2	GD15	0.585034	0.037704	2.610532	-1400210968131698300026880.000000	161.040130	0.848662
3	GD15	0.606371	0.231066	2.610532	2273185891073535464439808.000000	439.908962	0.684751
4	GD15	0.641905	-0.079335	2.610532	1008357956095574133440512.000000	106.862174	0.780576
5	GD15	0.598441	0.151290	2.610532	334746158062306609594368.000000	169.687743	0.674544
6	GD15	0.552429	0.539576	2.610532	-3667723186555506682494976.000000	265.719197	0.774617
7	GD15	0.617337	-0.373800	2.610532	1645880972766152312750080.000000	374.931222	0.875910
8	GD15	0.634194	0.101697	2.610532	390958039032286171627520.000000	347.005937	0.752819
9	GD15	0.640297	-0.044136	2.610532	3778658330639699472809984.000000	79.684566	0.617675
10	GD15	0.594535	0.589018	2.610532	1360122328252713896247296.000000	132.911256	0.796344
1	GD16	0.360170	0.143200	2.610532	-6161521848465995283300352.000000	273.510235	0.818694
2	GD16	0.440214	-0.173227	2.610532	-479244579829366143320064.000000	274.619328	0.794282
3	GD16	0.367026	0.162371	2.610532	1038943200842593375092736.000000	108.579598	0.762098
4	GD16	0.376726	0.294254	2.610532	-1110401238317875261865984.000000	477.916492	0.793050
5	GD16	0.438893	-0.037463	2.610532	4272592193592196014800896.000000	367.873204	0.744175
6	GD16	0.371848	0.148155	2.610532	-941646870261358640758784.000000	161.965302	0.729854
7	GD16	0.419030	0.047697	2.610532	-435666035454843493023744.000000	99.022442	0.732884
8	GD16	0.378294	0.126478	2.610532	1290997888613948743221248.000000	98.994985	0.763462
9	GD16	0.317367	0.021044	2.610532	4903802739981325491503104.000000	375.472582	0.811998
10	GD16	0.381755	-0.425236	2.610532	-1088598041197915592982528.000000	126.879335	0.848894
