rep	id	rhoS	eta_deltaSC	rhoC_pop_value	eta_rhoC	eta_deltaCB	rhoB	eta_rhoS	eta_eta_deltaSC	eta_rhoC_pop_value	eta_eta_rhoC	eta_eta_deltaCB	eta_rhoB
1	1	0.53987761834499359	-0.20974089211546187	5.91889400469503890	0.00000000000000000	0.00000000000000000	0.29231037177638053	-0.07247158309263657	-0.20974089211546187	0.00000000000000000	0.00000000000000000	0.00000000000000000	0.00000000000000000
2	1	0.64178581047164884	-0.39628672582828112	5.91889400469503890	0.00000000000000000	0.00000000000000000	0.29231037177638053	0.02943660903401868	-0.39628672582828112	0.00000000000000000	0.00000000000000000	0.00000000000000000	0.00000000000000000
3	1	0.58916709087184282	-0.69038281591180284	5.91889400469503890	0.00000000000000000	0.00000000000000000	0.29231037177638053	-0.02318211056578734	-0.69038281591180284	0.00000000000000000	0.00000000000000000	0.00000000000000000	0.00000000000000000
4	1	0.63230114454979469	-0.47752072891896885	5.91889400469503890	0.00000000000000000	0.00000000000000000	0.29231037177638053	0.01995194311216453	-0.47752072891896885	0.00000000000000000	0.00000000000000000	0.00000000000000000	0.00000000000000000
5	1	0.60711470354795782	-0.32715478845349977	5.91889400469503890	0.00000000000000000	0.00000000000000000	0.29231037177638053	-0.00523449788967234	-0.32715478845349977	0.00000000000000000	0.00000000000000000	0.00000000000000000	0.00000000000000000
6	1	0.56899162721205954	-0.51581203782344254	5.91889400469503890	0.00000000000000000	0.00000000000000000	0.29231037177638053	-0.04335757422557063	-0.51581203782344254	0.00000000000000000	0.00000000000000000	0.00000000000000000	0.00000000000000000
7	1	0.60702213794909277	-0.61006763222360838	5.91889400469503890	0.00000000000000000	0.00000000000000000	0.29231037177638053	-0.00532706348853740	-0.61006763222360838	0.00000000000000000	0.00000000000000000	0.00000000000000000	0.00000000000000000
8	1	0.58745104975369233	-0.43182436094118409	5.91889400469503890	0.00000000000000000	0.00000000000000000	0.29231037177638053	-0.02489815168393783	-0.43182436094118409	0.00000000000000000	0.00000000000000000	0.00000000000000000	0.00000000000000000
9	1	0.61014230313735929	-0.46215601570660197	5.91889400469503890	0.00000000000000000	0.00000000000000000	0.29231037177638053	-0.00220689830027088	-0.46215601570660197	0.00000000000000000	0.00000000000000000	0.00000000000000000	0.00000000000000000
10	1	0.57475629641318471	-0.62114102197279997	5.91889400469503890	0.00000000000000000	0.00000000000000000	0.29231037177638053	-0.03759290502444546	-0.62114102197279997	0.00000000000000000	0.00000000000000000	0.00000000000000000	0.00000000000000000
1	2	0.71400931534069967	0.52424202163198874	5.91889400469503890	0.00000000000000000	0.00000000000000000	0.29231037177638053	0.10166011390306950	0.52424202163198874	0.00000000000000000	0.00000000000000000	0.00000000000000000	0.00000000000000000
2	2	0.75833317332189210	0.37949162269390635	5.91889400469503890	0.00000000000000000	0.00000000000000000	0.29231037177638053	0.14598397188426193	0.37949162269390635	0.00000000000000000	0.00000000000000000	0.00000000000000000	0.00000000000000000
3	2	0.75733822574491694	0.02805836343130297	5.91889400469503890	0.00000000000000000	0.00000000000000000	0.29231037177638053	0.14498902430728677	0.02805836343130297	0.00000000000000000	0.00000000000000000	0.00000000000000000	0.00000000000000000
4	2	0.75167016902379435	0.06399897453599390	5.91889400469503890	0.00000000000000000	0.00000000000000000	0.29231037177638053	0.13932096758616419	0.06399897453599390	0.00000000000000000	0.00000000000000000	0.00000000000000000	0.00000000000000000
5	2	0.84623252468368437	0.12970989635155400	5.91889400469503890	0.00000000000000000	0.00000000000000000	0.29231037177638053	0.23388332324605421	0.12970989635155400	0.00000000000000000	0.00000000000000000	0.00000000000000000	0.00000000000000000
6	2	0.71865108127427801	0.01571144225782684	5.91889400469503890	0.00000000000000000	0.00000000000000000	0.29231037177638053	0.10630187983664785	0.01571144225782684	0.00000000000000000	0.00000000000000000	0.00000000000000000	0.00000000000000000
7	2	0.76269553433243953	0.15251568997493348	5.91889400469503890	0.00000000000000000	0.00000000000000000	0.29231037177638053	0.15034633289480936	0.15251568997493348	0.00000000000000000	0.00000000000000000	0.00000000000000000	0.00000000000000000
8	2	0.75098686504531098	0.51667558218106935	5.91889400469503890	0.00000000000000000	0.00000000000000000	0.29231037177638053	0.13863766360768082	0.51667558218106935	0.00000000000000000	0.00000000000000000	0.00000000000000000	0.00000000000000000
9	2	0.75058244734387414	0.00847357750691108	5.91889400469503890	0.00000000000000000	0.00000000000000000	0.29231037177638053	0.13823324590624397	0.00847357750691108	0.00000000000000000	0.00000000000000000	0.00000000000000000	0.00000000000000000
10	2	0.72217066830096277	0.25770745117304861	5.91889400469503890	0.00000000000000000	0.00000000000000000	0.29231037177638053	0.10982146686333261	0.25770745117304861	0.00000000000000000	0.00000000000000000	0.00000000000000000	0.00000000000000000
1	3	0.59356769780327201	-0.13453095223359413	5.91889400469503890	0.00000000000000000	0.00000000000000000	0.29231037177638053	-0.01878150363435815	-0.13453095223359413	0.00000000000000000	0.00000000000000000	0.00000000000000000	0.00000000000000000
2	3	0.51481879521308460	0.16292478850193395	5.91889400469503890	0.00000000000000000	0.00000000000000000	0.29231037177638053	-0.09753040622454556	0.16292478850193395	0.00000000000000000	0.00000000000000000	0.00000000000000000	0.00000000000000000
3	3	0.54577091523055654	0.14423060379039565	5.91889400469503890	0.00000000000000000	0.00000000000000000	0.29231037177638053	-0.06657828620707362	0.14423060379039565	0.00000000000000000	0.00000000000000000	0.00000000000000000	0.00000000000000000
4	3	0.54846623652779292	0.07884506641948905	5.91889400469503890	0.00000000000000000	0.00000000000000000	0.29231037177638053	-0.06388296490983725	0.07884506641948905	0.00000000000000000	0.00000000000000000	0.00000000000000000	0.00000000000000000
5	3	0.59297001425707629	0.16234884056003135	5.91889400469503890	0.00000000000000000	0.00000000000000000	0.29231037177638053	-0.01937918718055387	0.16234884056003135	0.00000000000000000	0.00000000000000000	0.00000000000000000	0.00000000000000000
6	3	0.61610870113381355	-0.18541379935779131	5.91889400469503890	0.00000000000000000	0.00000000000000000	0.29231037177638053	0.00375949969618339	-0.18541379935779131	0.00000000000000000	0.00000000000000000	0.00000000000000000	0.00000000000000000
7	3	0.59803110957108851	0.05840016066031441	5.91889400469503890	0.00000000000000000	0.00000000000000000	0.29231037177638053	-0.01431809186654165	0.05840016066031441	0.00000000000000000	0.00000000000000000	0.00000000000000000	0.00000000000000000
8	3	0.51409327788433379	0.08473027015204987	5.91889400469503890	0.00000000000000000	0.00000000000000000	0.29231037177638053	-0.09825592355329638	0.08473027015204987	0.00000000000000000	0.00000000000000000	0.00000000000000000	0.00000000000000000
9	3	0.56322425166178069	0.08035891233830367	5.91889400469503890	0.00000000000000000	0.00000000000000000	0.29231037177638053	-0.04912494977584947	0.08035891233830367	0.00000000000000000	0.00000000000000000	0.00000000000000000	0.00000000000000000
10	3	0.60783068312668365	-0.30974098337490019	5.91889400469503890	0.00000000000000000	0.00000000000000000	0.29231037177638053	-0.00451851831094652	-0.30974098337490019	0.00000000000000000	0.00000000000000000	0.00000000000000000	0.00000000000000000
1	4	0.73404192890204856	0.21553137534224351	5.91889400469503890	0.00000000000000000	0.00000000000000000	0.29231037177638053	0.12169272746441839	0.21553137534224351	0.00000000000000000	0.00000000000000000	0.00000000000000000	0.00000000000000000
2	4	0.75137363377216870	0.15015123489216162	5.91889400469503890	0.00000000000000000	0.00000000000000000	0.29231037177638053	0.13902443233453854	0.15015123489216162	0.00000000000000000	0.00000000000000000	0.00000000000000000	0.00000000000000000
3	4	0.75213414855503646	0.29264925182053197	5.91889400469503890	0.00000000000000000	0.00000000000000000	0.29231037177638053	0.13978494711740630	0.29264925182053197	0.00000000000000000	0.00000000000000000	0.00000000000000000	0.00000000000000000
4	4	0.75372099719423458	0.27465717571228687	5.91889400469503890	0.00000000000000000	0.00000000000000000	0.29231037177638053	0.14137179575660441	0.27465717571228687	0.00000000000000000	0.00000000000000000	0.00000000000000000	0.00000000000000000
5	4	0.75953586414900787	0.35837201346447578	5.91889400469503890	0.00000000000000000	0.00000000000000000	0.29231037177638053	0.14718666271137770	0.35837201346447578	0.00000000000000000	0.00000000000000000	0.00000000000000000	0.00000000000000000
6	4	0.79332376001455462	-0.02108579442359039	5.91889400469503890	0.00000000000000000	0.00000000000000000	0.29231037177638053	0.18097455857692446	-0.02108579442359039	0.00000000000000000	0.00000000000000000	0.00000000000000000	0.00000000000000000
7	4	0.72582778574873041	0.20124203732365184	5.91889400469503890	0.00000000000000000	0.00000000000000000	0.29231037177638053	0.11347858431110025	0.20124203732365184	0.00000000000000000	0.00000000000000000	0.00000000000000000	0.00000000000000000
8	4	0.77395391451401441	0.21143927692549838	5.91889400469503890	0.00000000000000000	0.00000000000000000	0.29231037177638053	0.16160471307638424	0.21143927692549838	0.00000000000000000	0.00000000000000000	0.00000000000000000	0.00000000000000000
9	4	0.76025197591267879	0.48312840619996322	5.91889400469503890	0.00000000000000000	0.00000000000000000	0.29231037177638053	0.14790277447504863	0.48312840619996322	0.00000000000000000	0.00000000000000000	0.00000000000000000	0.00000000000000000
10	4	0.75535831460821801	0.03778128413694519	5.91889400469503890	0.00000000000000000	0.00000000000000000	0.29231037177638053	0.14300911317058784	0.03778128413694519	0.00000000000000000	0.00000000000000000	0.00000000000000000	0.00000000000000000
1	5	0.67710333723985194	0.26295302032543433	5.91889400469503890	0.00000000000000000	0.00000000000000000	0.29231037177638053	0.06475413580222178	0.26295302032543433	0.00000000000000000	0.00000000000000000	0.00000000000000000	0.00000000000000000
2	5	0.64346280248304366	0.41800238235439457	5.91889400469503890	0.00000000000000000	0.00000000000000000	0.29231037177638053	0.03111360104541350	0.41800238235439457	0.00000000000000000	0.00000000000000000	0.00000000000000000	0.00000000000000000
3	5	0.68678601126860928	0.09816319767922918	5.91889400469503890	0.00000000000000000	0.00000000000000000	0.29231037177638053	0.07443680983097911	0.09816319767922918	0.00000000000000000	0.00000000000000000	0.00000000000000000	0.00000000000000000
4	5	0.66222502641976266	0.46855926111782942	5.91889400469503890	0.00000000000000000	0.00000000000000000	0.29231037177638053	0.04987582498213250	0.46855926111782942	0.00000000000000000	0.00000000000000000	0.00000000000000000	0.00000000000000000
5	5	0.64870425930643216	0.42807083566787824	5.91889400469503890	0.00000000000000000	0.00000000000000000	0.29231037177638053	0.03635505786880200	0.42807083566787824	0.00000000000000000	0.00000000000000000	0.00000000000000000	0.00000000000000000
6	5	0.67333616379421768	0.08216763379287546	5.91889400469503890	0.00000000000000000	0.00000000000000000	0.29231037177638053	0.06098696235658752	0.08216763379287546	0.00000000000000000	0.00000000000000000	0.00000000000000000	0.00000000000000000
7	5	0.63646873519300495	0.25682838382268203	5.91889400469503890	0.00000000000000000	0.00000000000000000	0.29231037177638053	0.02411953375537479	0.25682838382268203	0.00000000000000000	0.00000000000000000	0.00000000000000000	0.00000000000000000
8	5	0.64825436153373239	0.22500840137124115	5.91889400469503890	0.00000000000000000	0.00000000000000000	0.29231037177638053	0.03590516009610223	0.22500840137124115	0.00000000000000000	0.00000000000000000	0.00000000000000000	0.00000000000000000
9	5	0.65524208869445466	0.01948231097251485	5.91889400469503890	0.00000000000000000	0.00000000000000000	0.29231037177638053	0.04289288725682450	0.01948231097251485	0.00000000000000000	0.00000000000000000	0.00000000000000000	0.00000000000000000
10	5	0.64398113711828553	0.09957279956485507	5.91889400469503890	0.00000000000000000	0.00000000000000000	0.29231037177638053	0.03163193568065537	0.09957279956485507	0.00000000000000000	0.00000000000000000	0.00000000000000000	0.00000000000000000
1	6	0.61260734953493390	-0.15938284090527238	5.91889400469503890	0.00000000000000000	0.00000000000000000	0.29231037177638053	0.00025814809730373	-0.15938284090527238	0.00000000000000000	0.00000000000000000	0.00000000000000000	0.00000000000000000
2	6	0.58736824288831935	-0.10817948822555007	5.91889400469503890	0.00000000000000000	0.00000000000000000	0.29231037177638053	-0.02498095854931082	-0.10817948822555007	0.00000000000000000	0.00000000000000000	0.00000000000000000	0.00000000000000000
3	6	0.55367308054247988	-0.07513101438593070	5.91889400469503890	0.00000000000000000	0.00000000000000000	0.29231037177638053	-0.05867612089515029	-0.07513101438593070	0.00000000000000000	0.00000000000000000	0.00000000000000000	0.00000000000000000
4	6	0.57554848894217103	-0.20909785051615870	5.91889400469503890	0.00000000000000000	0.00000000000000000	0.29231037177638053	-0.03680071249545913	-0.20909785051615870	0.00000000000000000	0.00000000000000000	0.00000000000000000	0.00000000000000000
5	6	0.62109183769103560	-0.07951372703783276	5.91889400469503890	0.00000000000000000	0.00000000000000000	0.29231037177638053	0.00874263625340543	-0.07951372703783276	0.00000000000000000	0.00000000000000000	0.00000000000000000	0.00000000000000000
6	6	0.52884888943897890	0.07494136360628156	5.91889400469503890	0.00000000000000000	0.00000000000000000	0.29231037177638053	-0.08350031199865127	0.07494136360628156	0.00000000000000000	0.00000000000000000	0.00000000000000000	0.00000000000000000
7	6	0.56110237578002486	-0.11343872765139554	5.91889400469503890	0.00000000000000000	0.00000000000000000	0.29231037177638053	-0.05124682565760530	-0.11343872765139554	0.00000000000000000	0.00000000000000000	0.00000000000000000	0.00000000000000000
8	6	0.63492099352359577	-0.10629480004945924	5.91889400469503890	0.00000000000000000	0.00000000000000000	0.29231037177638053	0.02257179208596560	-0.10629480004945924	0.00000000000000000	0.00000000000000000	0.00000000000000000	0.00000000000000000
9	6	0.58268820438033830	-0.12884942854708165	5.91889400469503890	0.00000000000000000	0.00000000000000000	0.29231037177638053	-0.02966099705729186	-0.12884942854708165	0.00000000000000000	0.00000000000000000	0.00000000000000000	0.00000000000000000
10	6	0.57462600450555934	0.09068829082707447	5.91889400469503890	0.00000000000000000	0.00000000000000000	0.29231037177638053	-0.03772319693207082	0.09068829082707447	0.00000000000000000	0.00000000000000000	0.00000000000000000	0.00000000000000000
1	7	0.40319201790005610	-0.19600763960635331	5.91889400469503890	0.00000000000000000	0.00000000000000000	0.29231037177638053	-0.20915718353757407	-0.19600763960635331	0.00000000000000000	0.00000000000000000	0.00000000000000000	0.00000000000000000
2	7	0.37792332707879972	-0.20299244104057246	5.91889400469503890	0.00000000000000000	0.00000000000000000	0.29231037177638053	-0.23442587435883044	-0.20299244104057246	0.00000000000000000	0.00000000000000000	0.00000000000000000	0.00000000000000000
3	7	0.36211749428394052	0.12469785082509691	5.91889400469503890	0.00000000000000000	0.00000000000000000	0.29231037177638053	-0.25023170715368964	0.12469785082509691	0.00000000000000000	0.00000000000000000	0.00000000000000000	0.00000000000000000
4	7	0.38447010381652275	-0.15818005028422322	5.91889400469503890	0.00000000000000000	0.00000000000000000	0.29231037177638053	-0.22787909762110742	-0.15818005028422322	0.00000000000000000	0.00000000000000000	0.00000000000000000	0.00000000000000000
5	7	0.36842158776139894	-0.10622522911531701	5.91889400469503890	0.00000000000000000	0.00000000000000000	0.29231037177638053	-0.24392761367623123	-0.10622522911531701	0.00000000000000000	0.00000000000000000	0.00000000000000000	0.00000000000000000
6	7	0.40912709479761955	-0.08695630343938465	5.91889400469503890	0.00000000000000000	0.00000000000000000	0.29231037177638053	-0.20322210664001061	-0.08695630343938465	0.00000000000000000	0.00000000000000000	0.00000000000000000	0.00000000000000000
7	7	0.35556702914702148	-0.14033004296974022	5.91889400469503890	0.00000000000000000	0.00000000000000000	0.29231037177638053	-0.25678217229060868	-0.14033004296974022	0.00000000000000000	0.00000000000000000	0.00000000000000000	0.00000000000000000
8	7	0.37381889391139356	-0.12192079909391126	5.91889400469503890	0.00000000000000000	0.00000000000000000	0.29231037177638053	-0.23853030752623661	-0.12192079909391126	0.00000000000000000	0.00000000000000000	0.00000000000000000	0.00000000000000000
9	7	0.38188409004868451	-0.26582887173869557	5.91889400469503890	0.00000000000000000	0.00000000000000000	0.29231037177638053	-0.23046511138894565	-0.26582887173869557	0.00000000000000000	0.00000000000000000	0.00000000000000000	0.00000000000000000
10	7	0.45159024880275328	-0.21885561311426840	5.91889400469503890	0.00000000000000000	0.00000000000000000	0.29231037177638053	-0.16075895263487688	-0.21885561311426840	0.00000000000000000	0.00000000000000000	0.00000000000000000	0.00000000000000000
