rep	id	rhoS	eta_deltaSC	rhoC_pop_value	eta_rhoC	eta_deltaCB	rhoB	S0	T0
1	AG111	0.613393	-0.347340	3.104087	0.000000	-0.172902	-0.217733	23560.510589	24425.793005
2	AG111	0.622646	-0.674225	3.104087	0.000000	-0.156059	-0.217733	23813.892607	24422.117994
3	AG111	0.649293	-0.178079	3.104087	0.000000	-0.028108	-0.217733	23093.987076	23703.197365
4	AG111	0.687870	-0.660007	3.104087	0.000000	-0.138171	-0.217733	23781.009398	24225.722186
5	AG111	0.643468	-0.491234	3.104087	0.000000	-0.183924	-0.217733	23694.080553	25274.133058
6	AG111	0.609699	-0.216664	3.104087	0.000000	-0.100455	-0.217733	23887.733762	25496.109675
7	AG111	0.584368	-0.083651	3.104087	0.000000	-0.127716	-0.217733	22907.651929	26028.475057
8	AG111	0.652289	-0.540084	3.104087	0.000000	-0.196970	-0.217733	23131.891088	23020.531438
9	AG111	0.682588	-0.541464	3.104087	0.000000	0.037259	-0.217733	23030.324811	25305.870894
10	AG111	0.621125	0.031223	3.104087	0.000000	-0.124457	-0.217733	23853.644017	24109.461564
1	AG112	0.763324	0.354403	3.104087	0.000000	-0.224098	-0.217733	23139.942032	25165.588354
2	AG112	0.780603	0.059525	3.104087	0.000000	-0.231077	-0.217733	23522.515966	24204.972070
3	AG112	0.789043	0.091911	3.104087	0.000000	-0.251673	-0.217733	23128.878908	24930.598101
4	AG112	0.806732	0.175856	3.104087	0.000000	-0.181481	-0.217733	23586.288464	23824.602571
5	AG112	0.797358	0.132537	3.104087	0.000000	-0.232068	-0.217733	23671.182109	24239.179228
6	AG112	0.744578	0.357903	3.104087	0.000000	-0.237614	-0.217733	23665.379898	25144.174251
7	AG112	0.779528	0.009873	3.104087	0.000000	-0.254607	-0.217733	23027.310004	24387.516308
8	AG112	0.765584	-0.337971	3.104087	0.000000	-0.291296	-0.217733	23918.383136	24875.345636
9	AG112	0.774114	0.179182	3.104087	0.000000	-0.239305	-0.217733	23512.233400	24828.930496
10	AG112	0.793729	0.011593	3.104087	0.000000	-0.312600	-0.217733	23968.336406	24300.219978
1	AG139	0.624880	0.172435	3.104087	0.000000	-0.126823	-0.217733	23451.080962	24682.383331
2	AG139	0.613742	0.127842	3.104087	0.000000	-0.180921	-0.217733	23288.183674	23889.114387
3	AG139	0.511153	0.325134	3.104087	0.000000	-0.193953	-0.217733	23427.741727	24666.429410
4	AG139	0.599923	0.230435	3.104087	0.000000	-0.158311	-0.217733	23382.211369	23970.423257
5	AG139	0.618936	0.258806	3.104087	0.000000	-0.148300	-0.217733	24390.792870	23789.165942
6	AG139	0.582640	0.145873	3.104087	0.000000	-0.219961	-0.217733	23905.458771	24638.390660
7	AG139	0.593610	-0.034247	3.104087	0.000000	-0.159928	-0.217733	23688.454795	24393.601906
8	AG139	0.620302	0.160525	3.104087	0.000000	-0.179802	-0.217733	23796.461220	23808.333389
9	AG139	0.651631	0.124514	3.104087	0.000000	-0.137595	-0.217733	22861.138212	24762.934232
10	AG139	0.565502	-0.081261	3.104087	0.000000	-0.242353	-0.217733	23818.656524	24007.760883
1	AG142	0.748111	0.847964	3.104087	0.000000	-0.202761	-0.217733	23450.763141	24367.419927
2	AG142	0.749723	0.561228	3.104087	0.000000	-0.161520	-0.217733	24139.930823	24652.840089
3	AG142	0.784493	0.326250	3.104087	0.000000	-0.160833	-0.217733	22807.282407	25839.013628
4	AG142	0.782408	0.699692	3.104087	0.000000	-0.173307	-0.217733	23056.404460	25406.620980
5	AG142	0.784313	0.557668	3.104087	0.000000	-0.156120	-0.217733	23557.641793	24846.476052
6	AG142	0.689108	0.252523	3.104087	0.000000	-0.166762	-0.217733	24132.327508	24917.275619
7	AG142	0.797732	0.507138	3.104087	0.000000	-0.185670	-0.217733	23853.782281	23471.399264
8	AG142	0.757673	0.452804	3.104087	0.000000	-0.147717	-0.217733	24042.870495	24897.268024
9	AG142	0.787651	0.795837	3.104087	0.000000	-0.165533	-0.217733	22696.755209	23955.489441
10	AG142	0.743455	0.485634	3.104087	0.000000	-0.155363	-0.217733	23752.955384	25478.455188
1	GD14	0.676493	0.151266	3.104087	0.000000	-0.256852	-0.217733	23383.076369	25535.177465
2	GD14	0.617974	-0.034287	3.104087	0.000000	-0.348530	-0.217733	22890.282973	23052.455003
3	GD14	0.656453	-0.145018	3.104087	0.000000	-0.388209	-0.217733	23617.933717	23943.054531
4	GD14	0.633613	0.398441	3.104087	0.000000	-0.272401	-0.217733	23516.087513	25404.915574
5	GD14	0.644255	-0.104439	3.104087	0.000000	-0.270720	-0.217733	22403.201075	25151.490501
6	GD14	0.652024	-0.012622	3.104087	0.000000	-0.293462	-0.217733	23571.623902	25108.867639
7	GD14	0.643944	0.223672	3.104087	0.000000	-0.271450	-0.217733	23041.008480	24347.839972
8	GD14	0.617709	-0.000422	3.104087	0.000000	-0.354392	-0.217733	23637.329457	24621.724156
9	GD14	0.636089	-0.164241	3.104087	0.000000	-0.329912	-0.217733	23484.283677	25357.598882
10	GD14	0.662090	-0.016818	3.104087	0.000000	-0.285339	-0.217733	23086.274461	23882.306563
1	GD15	0.626900	0.094195	3.104087	0.000000	-0.166712	-0.217733	23934.099053	24620.591653
2	GD15	0.610098	0.075786	3.104087	0.000000	-0.099221	-0.217733	23860.431088	24418.646100
3	GD15	0.587025	-0.074992	3.104087	0.000000	-0.202254	-0.217733	23336.504219	24691.843814
4	GD15	0.674236	0.116509	3.104087	0.000000	-0.118810	-0.217733	23620.556091	24988.930613
5	GD15	0.623495	0.068365	3.104087	0.000000	-0.163372	-0.217733	23044.817830	24119.475111
6	GD15	0.630834	-0.053210	3.104087	0.000000	-0.141189	-0.217733	23590.916063	24495.507669
7	GD15	0.592972	0.202251	3.104087	0.000000	-0.164100	-0.217733	23914.147486	24898.339609
8	GD15	0.603221	0.034280	3.104087	0.000000	-0.199201	-0.217733	23082.658611	24556.758575
9	GD15	0.628167	0.102165	3.104087	0.000000	-0.149004	-0.217733	23050.199034	24242.518813
10	GD15	0.660202	-0.304483	3.104087	0.000000	-0.125493	-0.217733	23892.174885	24077.592610
1	GD16	0.380925	0.341662	3.104087	0.000000	-0.155068	-0.217733	23833.608115	24330.005926
2	GD16	0.426102	-0.041355	3.104087	0.000000	-0.109745	-0.217733	23385.434684	24134.703238
3	GD16	0.418608	0.181046	3.104087	0.000000	-0.095205	-0.217733	24015.169591	23625.376909
4	GD16	0.462827	0.168540	3.104087	0.000000	-0.105625	-0.217733	23801.770647	24703.427072
5	GD16	0.348979	-0.167573	3.104087	0.000000	-0.178575	-0.217733	24295.536376	24543.154197
6	GD16	0.434061	0.034829	3.104087	0.000000	-0.136681	-0.217733	23537.383533	24537.501609
7	GD16	0.395448	0.272711	3.104087	0.000000	-0.135633	-0.217733	22955.151975	24470.435714
8	GD16	0.430941	0.038785	3.104087	0.000000	-0.105439	-0.217733	23536.673797	24481.606019
9	GD16	0.406903	0.225956	3.104087	0.000000	-0.039216	-0.217733	23808.431414	24860.887615
10	GD16	0.400326	-0.068153	3.104087	0.000000	-0.130177	-0.217733	23667.666073	24538.709900
