rep	id	eta_rhoS	eta_eta_deltaSC	eta_rhoC_pop_value	eta_eta_rhoC	eta_eta_deltaCB	eta_rhoB	eta_S0	eta_T0
1	AG111	0.000000	0.000000	0.000000	0.000000	0.000000	0.000000	0.033287	-0.268242
2	AG111	0.000000	0.000000	0.000000	0.000000	0.000000	0.000000	-0.243975	-0.121283
3	AG111	0.000000	0.000000	0.000000	0.000000	0.000000	0.000000	-0.194805	-0.194710
4	AG111	0.000000	0.000000	0.000000	0.000000	0.000000	0.000000	-0.026682	-0.190267
5	AG111	0.000000	0.000000	0.000000	0.000000	0.000000	0.000000	-0.074437	-0.169544
6	AG111	0.000000	0.000000	0.000000	0.000000	0.000000	0.000000	-0.151104	-0.079753
7	AG111	0.000000	0.000000	0.000000	0.000000	0.000000	0.000000	-0.064479	-0.104248
8	AG111	0.000000	0.000000	0.000000	0.000000	0.000000	0.000000	0.086398	-0.148198
9	AG111	0.000000	0.000000	0.000000	0.000000	0.000000	0.000000	-0.129690	-0.095976
10	AG111	0.000000	0.000000	0.000000	0.000000	0.000000	0.000000	-0.154091	-0.061592
1	AG112	0.000000	0.000000	0.000000	0.000000	0.000000	0.000000	0.276874	0.251415
2	AG112	0.000000	0.000000	0.000000	0.000000	0.000000	0.000000	0.207462	0.375887
3	AG112	0.000000	0.000000	0.000000	0.000000	0.000000	0.000000	0.035700	0.097921
4	AG112	0.000000	0.000000	0.000000	0.000000	0.000000	0.000000	0.178214	0.188197
5	AG112	0.000000	0.000000	0.000000	0.000000	0.000000	0.000000	0.136794	0.306224
6	AG112	0.000000	0.000000	0.000000	0.000000	0.000000	0.000000	0.176450	0.152940
7	AG112	0.000000	0.000000	0.000000	0.000000	0.000000	0.000000	0.218282	0.343181
8	AG112	0.000000	0.000000	0.000000	0.000000	0.000000	0.000000	0.322599	0.110959
9	AG112	0.000000	0.000000	0.000000	0.000000	0.000000	0.000000	0.112829	0.270202
10	AG112	0.000000	0.000000	0.000000	0.000000	0.000000	0.000000	0.071203	0.127494
1	AG139	0.000000	0.000000	0.000000	0.000000	0.000000	0.000000	-0.150817	-0.059213
2	AG139	0.000000	0.000000	0.000000	0.000000	0.000000	0.000000	-0.024802	-0.061069
3	AG139	0.000000	0.000000	0.000000	0.000000	0.000000	0.000000	0.085803	-0.095955
4	AG139	0.000000	0.000000	0.000000	0.000000	0.000000	0.000000	-0.033669	-0.100512
5	AG139	0.000000	0.000000	0.000000	0.000000	0.000000	0.000000	-0.173531	-0.146433
6	AG139	0.000000	0.000000	0.000000	0.000000	0.000000	0.000000	-0.007537	-0.180005
7	AG139	0.000000	0.000000	0.000000	0.000000	0.000000	0.000000	-0.136683	0.043005
8	AG139	0.000000	0.000000	0.000000	0.000000	0.000000	0.000000	-0.082781	-0.073269
9	AG139	0.000000	0.000000	0.000000	0.000000	0.000000	0.000000	-0.176959	-0.071319
10	AG139	0.000000	0.000000	0.000000	0.000000	0.000000	0.000000	-0.083450	0.054623
1	AG142	0.000000	0.000000	0.000000	0.000000	0.000000	0.000000	0.206159	0.179739
2	AG142	0.000000	0.000000	0.000000	0.000000	0.000000	0.000000	0.206962	0.308643
3	AG142	0.000000	0.000000	0.000000	0.000000	0.000000	0.000000	0.245690	0.180035
4	AG142	0.000000	0.000000	0.000000	0.000000	0.000000	0.000000	0.190475	0.145408
5	AG142	0.000000	0.000000	0.000000	0.000000	0.000000	0.000000	0.201814	0.351304
6	AG142	0.000000	0.000000	0.000000	0.000000	0.000000	0.000000	0.240486	0.198421
7	AG142	0.000000	0.000000	0.000000	0.000000	0.000000	0.000000	0.217619	0.058862
8	AG142	0.000000	0.000000	0.000000	0.000000	0.000000	0.000000	0.260963	0.283951
9	AG142	0.000000	0.000000	0.000000	0.000000	0.000000	0.000000	0.188312	0.182122
10	AG142	0.000000	0.000000	0.000000	0.000000	0.000000	0.000000	0.104292	0.287612
1	GD14	0.000000	0.000000	0.000000	0.000000	0.000000	0.000000	-0.062047	0.158525
2	GD14	0.000000	0.000000	0.000000	0.000000	0.000000	0.000000	-0.065723	0.178331
3	GD14	0.000000	0.000000	0.000000	0.000000	0.000000	0.000000	-0.046411	0.129800
4	GD14	0.000000	0.000000	0.000000	0.000000	0.000000	0.000000	0.019819	0.130965
5	GD14	0.000000	0.000000	0.000000	0.000000	0.000000	0.000000	-0.089377	0.112289
6	GD14	0.000000	0.000000	0.000000	0.000000	0.000000	0.000000	-0.034640	0.199580
7	GD14	0.000000	0.000000	0.000000	0.000000	0.000000	0.000000	0.144211	0.191086
8	GD14	0.000000	0.000000	0.000000	0.000000	0.000000	0.000000	-0.188068	0.219705
9	GD14	0.000000	0.000000	0.000000	0.000000	0.000000	0.000000	0.033736	0.262667
10	GD14	0.000000	0.000000	0.000000	0.000000	0.000000	0.000000	-0.001035	0.158387
1	GD15	0.000000	0.000000	0.000000	0.000000	0.000000	0.000000	-0.051492	-0.133934
2	GD15	0.000000	0.000000	0.000000	0.000000	0.000000	0.000000	-0.090807	-0.158009
3	GD15	0.000000	0.000000	0.000000	0.000000	0.000000	0.000000	-0.144135	-0.108432
4	GD15	0.000000	0.000000	0.000000	0.000000	0.000000	0.000000	-0.119982	-0.099903
5	GD15	0.000000	0.000000	0.000000	0.000000	0.000000	0.000000	0.081039	-0.247953
6	GD15	0.000000	0.000000	0.000000	0.000000	0.000000	0.000000	-0.189143	-0.070516
7	GD15	0.000000	0.000000	0.000000	0.000000	0.000000	0.000000	-0.131564	-0.013845
8	GD15	0.000000	0.000000	0.000000	0.000000	0.000000	0.000000	-0.169862	-0.074369
9	GD15	0.000000	0.000000	0.000000	0.000000	0.000000	0.000000	-0.061251	-0.109082
10	GD15	0.000000	0.000000	0.000000	0.000000	0.000000	0.000000	-0.138103	-0.101454
1	GD16	0.000000	0.000000	0.000000	0.000000	0.000000	0.000000	-0.441305	-0.264864
2	GD16	0.000000	0.000000	0.000000	0.000000	0.000000	0.000000	-0.153211	-0.249962
3	GD16	0.000000	0.000000	0.000000	0.000000	0.000000	0.000000	-0.433949	-0.346781
4	GD16	0.000000	0.000000	0.000000	0.000000	0.000000	0.000000	-0.388674	-0.329465
5	GD16	0.000000	0.000000	0.000000	0.000000	0.000000	0.000000	-0.294575	-0.177633
6	GD16	0.000000	0.000000	0.000000	0.000000	0.000000	0.000000	-0.297014	-0.205612
7	GD16	0.000000	0.000000	0.000000	0.000000	0.000000	0.000000	-0.220083	-0.368512
8	GD16	0.000000	0.000000	0.000000	0.000000	0.000000	0.000000	-0.069627	-0.207443
9	GD16	0.000000	0.000000	0.000000	0.000000	0.000000	0.000000	-0.043559	-0.299565
10	GD16	0.000000	0.000000	0.000000	0.000000	0.000000	0.000000	-0.343569	-0.286067
