rep	id	eta_rhoS	eta_eta_deltaSC	eta_rhoC_pop_value	eta_eta_rhoC	eta_eta_deltaCB	eta_rhoB	eta_S0	eta_T0
1	AG111	0.000000	0.000000	0.000000	0.000000	0.000000	0.000000	-0.027585	-0.155827
2	AG111	0.000000	0.000000	0.000000	0.000000	0.000000	0.000000	0.035800	-0.214710
3	AG111	0.000000	0.000000	0.000000	0.000000	0.000000	0.000000	-0.118881	-0.202621
4	AG111	0.000000	0.000000	0.000000	0.000000	0.000000	0.000000	-0.111606	-0.103093
5	AG111	0.000000	0.000000	0.000000	0.000000	0.000000	0.000000	-0.162417	-0.203211
6	AG111	0.000000	0.000000	0.000000	0.000000	0.000000	0.000000	-0.019999	-0.045714
7	AG111	0.000000	0.000000	0.000000	0.000000	0.000000	0.000000	-0.053366	-0.188451
8	AG111	0.000000	0.000000	0.000000	0.000000	0.000000	0.000000	-0.156959	0.023063
9	AG111	0.000000	0.000000	0.000000	0.000000	0.000000	0.000000	-0.000016	-0.138328
10	AG111	0.000000	0.000000	0.000000	0.000000	0.000000	0.000000	-0.157406	-0.042142
1	AG112	0.000000	0.000000	0.000000	0.000000	0.000000	0.000000	0.279550	0.290471
2	AG112	0.000000	0.000000	0.000000	0.000000	0.000000	0.000000	0.131125	0.166171
3	AG112	0.000000	0.000000	0.000000	0.000000	0.000000	0.000000	0.369954	0.274195
4	AG112	0.000000	0.000000	0.000000	0.000000	0.000000	0.000000	0.119683	0.329802
5	AG112	0.000000	0.000000	0.000000	0.000000	0.000000	0.000000	0.255226	0.181984
6	AG112	0.000000	0.000000	0.000000	0.000000	0.000000	0.000000	0.272060	0.209783
7	AG112	0.000000	0.000000	0.000000	0.000000	0.000000	0.000000	0.239464	0.134833
8	AG112	0.000000	0.000000	0.000000	0.000000	0.000000	0.000000	0.122376	0.199059
9	AG112	0.000000	0.000000	0.000000	0.000000	0.000000	0.000000	0.251256	0.257308
10	AG112	0.000000	0.000000	0.000000	0.000000	0.000000	0.000000	0.254807	0.184734
1	AG139	0.000000	0.000000	0.000000	0.000000	0.000000	0.000000	-0.054421	0.048309
2	AG139	0.000000	0.000000	0.000000	0.000000	0.000000	0.000000	-0.069480	-0.080223
3	AG139	0.000000	0.000000	0.000000	0.000000	0.000000	0.000000	0.028357	-0.046455
4	AG139	0.000000	0.000000	0.000000	0.000000	0.000000	0.000000	-0.068953	-0.045710
5	AG139	0.000000	0.000000	0.000000	0.000000	0.000000	0.000000	-0.034005	-0.053452
6	AG139	0.000000	0.000000	0.000000	0.000000	0.000000	0.000000	-0.032307	-0.162815
7	AG139	0.000000	0.000000	0.000000	0.000000	0.000000	0.000000	-0.111633	-0.095241
8	AG139	0.000000	0.000000	0.000000	0.000000	0.000000	0.000000	0.050409	-0.219591
9	AG139	0.000000	0.000000	0.000000	0.000000	0.000000	0.000000	0.125777	-0.078535
10	AG139	0.000000	0.000000	0.000000	0.000000	0.000000	0.000000	-0.074533	-0.078923
1	AG142	0.000000	0.000000	0.000000	0.000000	0.000000	0.000000	0.244722	0.253088
2	AG142	0.000000	0.000000	0.000000	0.000000	0.000000	0.000000	0.026032	0.192476
3	AG142	0.000000	0.000000	0.000000	0.000000	0.000000	0.000000	0.132866	0.063986
4	AG142	0.000000	0.000000	0.000000	0.000000	0.000000	0.000000	0.125129	0.255916
5	AG142	0.000000	0.000000	0.000000	0.000000	0.000000	0.000000	0.233003	0.260633
6	AG142	0.000000	0.000000	0.000000	0.000000	0.000000	0.000000	0.208595	0.182453
7	AG142	0.000000	0.000000	0.000000	0.000000	0.000000	0.000000	0.166078	0.251335
8	AG142	0.000000	0.000000	0.000000	0.000000	0.000000	0.000000	0.255909	0.258973
9	AG142	0.000000	0.000000	0.000000	0.000000	0.000000	0.000000	0.139736	0.255930
10	AG142	0.000000	0.000000	0.000000	0.000000	0.000000	0.000000	0.233610	0.309001
1	GD14	0.000000	0.000000	0.000000	0.000000	0.000000	0.000000	-0.012112	0.139730
2	GD14	0.000000	0.000000	0.000000	0.000000	0.000000	0.000000	-0.044122	0.198324
3	GD14	0.000000	0.000000	0.000000	0.000000	0.000000	0.000000	-0.013556	0.248418
4	GD14	0.000000	0.000000	0.000000	0.000000	0.000000	0.000000	-0.017623	0.186928
5	GD14	0.000000	0.000000	0.000000	0.000000	0.000000	0.000000	-0.161025	0.238814
6	GD14	0.000000	0.000000	0.000000	0.000000	0.000000	0.000000	0.041732	0.125608
7	GD14	0.000000	0.000000	0.000000	0.000000	0.000000	0.000000	-0.069780	0.157863
8	GD14	0.000000	0.000000	0.000000	0.000000	0.000000	0.000000	-0.059656	0.074280
9	GD14	0.000000	0.000000	0.000000	0.000000	0.000000	0.000000	-0.105185	0.144704
10	GD14	0.000000	0.000000	0.000000	0.000000	0.000000	0.000000	0.008068	0.210133
1	GD15	0.000000	0.000000	0.000000	0.000000	0.000000	0.000000	-0.228046	-0.128258
2	GD15	0.000000	0.000000	0.000000	0.000000	0.000000	0.000000	-0.055154	-0.090485
3	GD15	0.000000	0.000000	0.000000	0.000000	0.000000	0.000000	-0.174290	-0.199233
4	GD15	0.000000	0.000000	0.000000	0.000000	0.000000	0.000000	-0.067985	-0.052361
5	GD15	0.000000	0.000000	0.000000	0.000000	0.000000	0.000000	0.011939	-0.163834
6	GD15	0.000000	0.000000	0.000000	0.000000	0.000000	0.000000	-0.075980	-0.119794
7	GD15	0.000000	0.000000	0.000000	0.000000	0.000000	0.000000	0.152538	-0.049468
8	GD15	0.000000	0.000000	0.000000	0.000000	0.000000	0.000000	-0.090701	-0.158346
9	GD15	0.000000	0.000000	0.000000	0.000000	0.000000	0.000000	0.064089	-0.094568
10	GD15	0.000000	0.000000	0.000000	0.000000	0.000000	0.000000	-0.063625	-0.144816
1	GD16	0.000000	0.000000	0.000000	0.000000	0.000000	0.000000	-0.289737	-0.318582
2	GD16	0.000000	0.000000	0.000000	0.000000	0.000000	0.000000	-0.487213	-0.221267
3	GD16	0.000000	0.000000	0.000000	0.000000	0.000000	0.000000	-0.458608	-0.221518
4	GD16	0.000000	0.000000	0.000000	0.000000	0.000000	0.000000	-0.148092	-0.274386
5	GD16	0.000000	0.000000	0.000000	0.000000	0.000000	0.000000	-0.381309	-0.294317
6	GD16	0.000000	0.000000	0.000000	0.000000	0.000000	0.000000	-0.169543	-0.180878
7	GD16	0.000000	0.000000	0.000000	0.000000	0.000000	0.000000	-0.458262	-0.225663
8	GD16	0.000000	0.000000	0.000000	0.000000	0.000000	0.000000	-0.178674	-0.256451
9	GD16	0.000000	0.000000	0.000000	0.000000	0.000000	0.000000	-0.122566	-0.332100
10	GD16	0.000000	0.000000	0.000000	0.000000	0.000000	0.000000	-0.393842	-0.292183
