rep	id	rhoS	eta_deltaSC	rhoC_pop_value	eta_rhoC	eta_deltaCB	rhoB	eta_rhoS	eta_eta_deltaSC	eta_rhoC_pop_value	eta_eta_rhoC	eta_eta_deltaCB	eta_rhoB
1	1	0.59815152490511314	0.10977575792062996	5.98955787232757242	0.00000000000000000	0.00000000000000000	0.28373572882382536	-0.01493765984363915	0.10977575792062996	0.00000000000000000	0.00000000000000000	0.00000000000000000	0.00000000000000000
2	1	0.57616287347570128	-0.47564873762846172	5.98955787232757242	0.00000000000000000	0.00000000000000000	0.28373572882382536	-0.03692631127305102	-0.47564873762846172	0.00000000000000000	0.00000000000000000	0.00000000000000000	0.00000000000000000
3	1	0.58641567643141812	-0.51619322024606062	5.98955787232757242	0.00000000000000000	0.00000000000000000	0.28373572882382536	-0.02667350831733417	-0.51619322024606062	0.00000000000000000	0.00000000000000000	0.00000000000000000	0.00000000000000000
4	1	0.60918674394620254	-0.70329221631665584	5.98955787232757242	0.00000000000000000	0.00000000000000000	0.28373572882382536	-0.00390244080254976	-0.70329221631665584	0.00000000000000000	0.00000000000000000	0.00000000000000000	0.00000000000000000
5	1	0.59434241501366836	-0.64609342394915337	5.98955787232757242	0.00000000000000000	0.00000000000000000	0.28373572882382536	-0.01874676973508393	-0.64609342394915337	0.00000000000000000	0.00000000000000000	0.00000000000000000	0.00000000000000000
6	1	0.61695046373340912	-0.61578565170087218	5.98955787232757242	0.00000000000000000	0.00000000000000000	0.28373572882382536	0.00386127898465682	-0.61578565170087218	0.00000000000000000	0.00000000000000000	0.00000000000000000	0.00000000000000000
7	1	0.60912382689597289	-0.06145820874779064	5.98955787232757242	0.00000000000000000	0.00000000000000000	0.28373572882382536	-0.00396535785277941	-0.06145820874779064	0.00000000000000000	0.00000000000000000	0.00000000000000000	0.00000000000000000
8	1	0.57165926539476231	-0.37782709499533373	5.98955787232757242	0.00000000000000000	0.00000000000000000	0.28373572882382536	-0.04142991935398999	-0.37782709499533373	0.00000000000000000	0.00000000000000000	0.00000000000000000	0.00000000000000000
9	1	0.59041054461828879	-0.33905603441411769	5.98955787232757242	0.00000000000000000	0.00000000000000000	0.28373572882382536	-0.02267864013046350	-0.33905603441411769	0.00000000000000000	0.00000000000000000	0.00000000000000000	0.00000000000000000
10	1	0.56410856142393684	-0.25744946434955174	5.98955787232757242	0.00000000000000000	0.00000000000000000	0.28373572882382536	-0.04898062332481545	-0.25744946434955174	0.00000000000000000	0.00000000000000000	0.00000000000000000	0.00000000000000000
1	2	0.77074619352006912	-0.18310523233137171	5.98955787232757242	0.00000000000000000	0.00000000000000000	0.28373572882382536	0.15765700877131683	-0.18310523233137171	0.00000000000000000	0.00000000000000000	0.00000000000000000	0.00000000000000000
2	2	0.71827687179172695	0.05712476131025730	5.98955787232757242	0.00000000000000000	0.00000000000000000	0.28373572882382536	0.10518768704297465	0.05712476131025730	0.00000000000000000	0.00000000000000000	0.00000000000000000	0.00000000000000000
3	2	0.74914355459932713	0.08737062169395343	5.98955787232757242	0.00000000000000000	0.00000000000000000	0.28373572882382536	0.13605436985057484	0.08737062169395343	0.00000000000000000	0.00000000000000000	0.00000000000000000	0.00000000000000000
4	2	0.74873805068659172	-0.00956397043023421	5.98955787232757242	0.00000000000000000	0.00000000000000000	0.28373572882382536	0.13564886593783942	-0.00956397043023421	0.00000000000000000	0.00000000000000000	0.00000000000000000	0.00000000000000000
5	2	0.75078277933241067	0.30385872725338520	5.98955787232757242	0.00000000000000000	0.00000000000000000	0.28373572882382536	0.13769359458365837	0.30385872725338520	0.00000000000000000	0.00000000000000000	0.00000000000000000	0.00000000000000000
6	2	0.76222674086240205	-0.01891823851157595	5.98955787232757242	0.00000000000000000	0.00000000000000000	0.28373572882382536	0.14913755611364976	-0.01891823851157595	0.00000000000000000	0.00000000000000000	0.00000000000000000	0.00000000000000000
7	2	0.74878240862397571	0.10862409646263961	5.98955787232757242	0.00000000000000000	0.00000000000000000	0.28373572882382536	0.13569322387522342	0.10862409646263961	0.00000000000000000	0.00000000000000000	0.00000000000000000	0.00000000000000000
8	2	0.72586381799997124	0.15872555075384576	5.98955787232757242	0.00000000000000000	0.00000000000000000	0.28373572882382536	0.11277463325121895	0.15872555075384576	0.00000000000000000	0.00000000000000000	0.00000000000000000	0.00000000000000000
9	2	0.73481350213996366	0.08050021886115122	5.98955787232757242	0.00000000000000000	0.00000000000000000	0.28373572882382536	0.12172431739121137	0.08050021886115122	0.00000000000000000	0.00000000000000000	0.00000000000000000	0.00000000000000000
10	2	0.78614556819361514	0.24952891535194033	5.98955787232757242	0.00000000000000000	0.00000000000000000	0.28373572882382536	0.17305638344486285	0.24952891535194033	0.00000000000000000	0.00000000000000000	0.00000000000000000	0.00000000000000000
1	3	0.57423515474311893	0.13642059103784687	5.98955787232757242	0.00000000000000000	0.00000000000000000	0.28373572882382536	-0.03885403000563337	0.13642059103784687	0.00000000000000000	0.00000000000000000	0.00000000000000000	0.00000000000000000
2	3	0.60036695470616908	-0.22350145331486809	5.98955787232757242	0.00000000000000000	0.00000000000000000	0.28373572882382536	-0.01272223004258322	-0.22350145331486809	0.00000000000000000	0.00000000000000000	0.00000000000000000	0.00000000000000000
3	3	0.54729694694184783	-0.20739452777636280	5.98955787232757242	0.00000000000000000	0.00000000000000000	0.28373572882382536	-0.06579223780690446	-0.20739452777636280	0.00000000000000000	0.00000000000000000	0.00000000000000000	0.00000000000000000
4	3	0.56925834794796737	0.24537977990784510	5.98955787232757242	0.00000000000000000	0.00000000000000000	0.28373572882382536	-0.04383083680078492	0.24537977990784510	0.00000000000000000	0.00000000000000000	0.00000000000000000	0.00000000000000000
5	3	0.55939213222373629	0.21025510367633554	5.98955787232757242	0.00000000000000000	0.00000000000000000	0.28373572882382536	-0.05369705252501600	0.21025510367633554	0.00000000000000000	0.00000000000000000	0.00000000000000000	0.00000000000000000
6	3	0.57305926485937420	0.08366054825318675	5.98955787232757242	0.00000000000000000	0.00000000000000000	0.28373572882382536	-0.04002991988937810	0.08366054825318675	0.00000000000000000	0.00000000000000000	0.00000000000000000	0.00000000000000000
7	3	0.54887375537481331	0.09504049585560545	5.98955787232757242	0.00000000000000000	0.00000000000000000	0.28373572882382536	-0.06421542937393898	0.09504049585560545	0.00000000000000000	0.00000000000000000	0.00000000000000000	0.00000000000000000
8	3	0.56457161876563156	-0.09788844904031610	5.98955787232757242	0.00000000000000000	0.00000000000000000	0.28373572882382536	-0.04851756598312074	-0.09788844904031610	0.00000000000000000	0.00000000000000000	0.00000000000000000	0.00000000000000000
9	3	0.60104781225978399	0.01192277840008997	5.98955787232757242	0.00000000000000000	0.00000000000000000	0.28373572882382536	-0.01204137248896830	0.01192277840008997	0.00000000000000000	0.00000000000000000	0.00000000000000000	0.00000000000000000
10	3	0.56442574304743931	-0.19390275318594136	5.98955787232757242	0.00000000000000000	0.00000000000000000	0.28373572882382536	-0.04866344170131298	-0.19390275318594136	0.00000000000000000	0.00000000000000000	0.00000000000000000	0.00000000000000000
1	4	0.73990317137901174	0.31272606509911094	5.98955787232757242	0.00000000000000000	0.00000000000000000	0.28373572882382536	0.12681398663025945	0.31272606509911094	0.00000000000000000	0.00000000000000000	0.00000000000000000	0.00000000000000000
2	4	0.74479021107148502	0.06277837969258385	5.98955787232757242	0.00000000000000000	0.00000000000000000	0.28373572882382536	0.13170102632273273	0.06277837969258385	0.00000000000000000	0.00000000000000000	0.00000000000000000	0.00000000000000000
3	4	0.71285451301061642	0.31999664732002853	5.98955787232757242	0.00000000000000000	0.00000000000000000	0.28373572882382536	0.09976532826186413	0.31999664732002853	0.00000000000000000	0.00000000000000000	0.00000000000000000	0.00000000000000000
4	4	0.72904768127504715	0.29053118462496114	5.98955787232757242	0.00000000000000000	0.00000000000000000	0.28373572882382536	0.11595849652629486	0.29053118462496114	0.00000000000000000	0.00000000000000000	0.00000000000000000	0.00000000000000000
5	4	0.72204846608743656	0.23454382577433919	5.98955787232757242	0.00000000000000000	0.00000000000000000	0.28373572882382536	0.10895928133868427	0.23454382577433919	0.00000000000000000	0.00000000000000000	0.00000000000000000	0.00000000000000000
6	4	0.70442366693090819	0.05493389775112487	5.98955787232757242	0.00000000000000000	0.00000000000000000	0.28373572882382536	0.09133448218215590	0.05493389775112487	0.00000000000000000	0.00000000000000000	0.00000000000000000	0.00000000000000000
7	4	0.72304998155721867	0.28186614613018379	5.98955787232757242	0.00000000000000000	0.00000000000000000	0.28373572882382536	0.10996079680846638	0.28186614613018379	0.00000000000000000	0.00000000000000000	0.00000000000000000	0.00000000000000000
8	4	0.73854731947722774	-0.01853749950739775	5.98955787232757242	0.00000000000000000	0.00000000000000000	0.28373572882382536	0.12545813472847545	-0.01853749950739775	0.00000000000000000	0.00000000000000000	0.00000000000000000	0.00000000000000000
9	4	0.75589339648418363	0.07112798690179226	5.98955787232757242	0.00000000000000000	0.00000000000000000	0.28373572882382536	0.14280421173543134	0.07112798690179226	0.00000000000000000	0.00000000000000000	0.00000000000000000	0.00000000000000000
10	4	0.77502484231387503	0.24454456697074722	5.98955787232757242	0.00000000000000000	0.00000000000000000	0.28373572882382536	0.16193565756512274	0.24454456697074722	0.00000000000000000	0.00000000000000000	0.00000000000000000	0.00000000000000000
1	5	0.65133927270228120	0.07630124588971396	5.98955787232757242	0.00000000000000000	0.00000000000000000	0.28373572882382536	0.03825008795352891	0.07630124588971396	0.00000000000000000	0.00000000000000000	0.00000000000000000	0.00000000000000000
2	5	0.63502626882077484	0.19012574881564151	5.98955787232757242	0.00000000000000000	0.00000000000000000	0.28373572882382536	0.02193708407202255	0.19012574881564151	0.00000000000000000	0.00000000000000000	0.00000000000000000	0.00000000000000000
3	5	0.69108961518158496	-0.02130681692948961	5.98955787232757242	0.00000000000000000	0.00000000000000000	0.28373572882382536	0.07800043043283267	-0.02130681692948961	0.00000000000000000	0.00000000000000000	0.00000000000000000	0.00000000000000000
4	5	0.63691290801909251	0.02944009784419790	5.98955787232757242	0.00000000000000000	0.00000000000000000	0.28373572882382536	0.02382372327034021	0.02944009784419790	0.00000000000000000	0.00000000000000000	0.00000000000000000	0.00000000000000000
5	5	0.67362624336773258	0.06029402747013668	5.98955787232757242	0.00000000000000000	0.00000000000000000	0.28373572882382536	0.06053705861898029	0.06029402747013668	0.00000000000000000	0.00000000000000000	0.00000000000000000	0.00000000000000000
6	5	0.64904872146410619	0.30340677823826512	5.98955787232757242	0.00000000000000000	0.00000000000000000	0.28373572882382536	0.03595953671535390	0.30340677823826512	0.00000000000000000	0.00000000000000000	0.00000000000000000	0.00000000000000000
7	5	0.66461453597445563	-0.02788415124949645	5.98955787232757242	0.00000000000000000	0.00000000000000000	0.28373572882382536	0.05152535122570334	-0.02788415124949645	0.00000000000000000	0.00000000000000000	0.00000000000000000	0.00000000000000000
8	5	0.68312894882366215	0.19834464008642008	5.98955787232757242	0.00000000000000000	0.00000000000000000	0.28373572882382536	0.07003976407490986	0.19834464008642008	0.00000000000000000	0.00000000000000000	0.00000000000000000	0.00000000000000000
9	5	0.64749966484144073	0.45811320840160624	5.98955787232757242	0.00000000000000000	0.00000000000000000	0.28373572882382536	0.03441048009268843	0.45811320840160624	0.00000000000000000	0.00000000000000000	0.00000000000000000	0.00000000000000000
10	5	0.63978704975904555	-0.24564474529894309	5.98955787232757242	0.00000000000000000	0.00000000000000000	0.28373572882382536	0.02669786501029325	-0.24564474529894309	0.00000000000000000	0.00000000000000000	0.00000000000000000	0.00000000000000000
1	6	0.60236496502323500	-0.08420686718432008	5.98955787232757242	0.00000000000000000	0.00000000000000000	0.28373572882382536	-0.01072421972551729	-0.08420686718432008	0.00000000000000000	0.00000000000000000	0.00000000000000000	0.00000000000000000
2	6	0.59701258745072550	-0.13489894830956267	5.98955787232757242	0.00000000000000000	0.00000000000000000	0.28373572882382536	-0.01607659729802680	-0.13489894830956267	0.00000000000000000	0.00000000000000000	0.00000000000000000	0.00000000000000000
3	6	0.60300361919282852	0.03148595465271793	5.98955787232757242	0.00000000000000000	0.00000000000000000	0.28373572882382536	-0.01008556555592377	0.03148595465271793	0.00000000000000000	0.00000000000000000	0.00000000000000000	0.00000000000000000
4	6	0.59951923180838973	0.02288210699204601	5.98955787232757242	0.00000000000000000	0.00000000000000000	0.28373572882382536	-0.01356995294036256	0.02288210699204601	0.00000000000000000	0.00000000000000000	0.00000000000000000	0.00000000000000000
5	6	0.61936115632424904	-0.23429885106450773	5.98955787232757242	0.00000000000000000	0.00000000000000000	0.28373572882382536	0.00627197157549675	-0.23429885106450773	0.00000000000000000	0.00000000000000000	0.00000000000000000	0.00000000000000000
6	6	0.59589846134516899	-0.09142542191967507	5.98955787232757242	0.00000000000000000	0.00000000000000000	0.28373572882382536	-0.01719072340358330	-0.09142542191967507	0.00000000000000000	0.00000000000000000	0.00000000000000000	0.00000000000000000
7	6	0.57394102578046147	-0.06694351448558665	5.98955787232757242	0.00000000000000000	0.00000000000000000	0.28373572882382536	-0.03914815896829082	-0.06694351448558665	0.00000000000000000	0.00000000000000000	0.00000000000000000	0.00000000000000000
8	6	0.63028163764576794	-0.01248546200553642	5.98955787232757242	0.00000000000000000	0.00000000000000000	0.28373572882382536	0.01719245289701565	-0.01248546200553642	0.00000000000000000	0.00000000000000000	0.00000000000000000	0.00000000000000000
9	6	0.55750853981130466	0.09156879123160822	5.98955787232757242	0.00000000000000000	0.00000000000000000	0.28373572882382536	-0.05558064493744763	0.09156879123160822	0.00000000000000000	0.00000000000000000	0.00000000000000000	0.00000000000000000
10	6	0.55005667992642238	0.24413368966440036	5.98955787232757242	0.00000000000000000	0.00000000000000000	0.28373572882382536	-0.06303250482232992	0.24413368966440036	0.00000000000000000	0.00000000000000000	0.00000000000000000	0.00000000000000000
1	7	0.36561911557595128	-0.21623378603231491	5.98955787232757242	0.00000000000000000	0.00000000000000000	0.28373572882382536	-0.24747006917280101	-0.21623378603231491	0.00000000000000000	0.00000000000000000	0.00000000000000000	0.00000000000000000
2	7	0.42305385051727595	0.01920140258653721	5.98955787232757242	0.00000000000000000	0.00000000000000000	0.28373572882382536	-0.19003533423147634	0.01920140258653721	0.00000000000000000	0.00000000000000000	0.00000000000000000	0.00000000000000000
3	7	0.33205602836804421	0.26085182423559844	5.98955787232757242	0.00000000000000000	0.00000000000000000	0.28373572882382536	-0.28103315638070808	0.26085182423559844	0.00000000000000000	0.00000000000000000	0.00000000000000000	0.00000000000000000
4	7	0.38216744496770610	-0.27647616375526429	5.98955787232757242	0.00000000000000000	0.00000000000000000	0.28373572882382536	-0.23092173978104619	-0.27647616375526429	0.00000000000000000	0.00000000000000000	0.00000000000000000	0.00000000000000000
5	7	0.41365223666634510	-0.16591806350692262	5.98955787232757242	0.00000000000000000	0.00000000000000000	0.28373572882382536	-0.19943694808240719	-0.16591806350692262	0.00000000000000000	0.00000000000000000	0.00000000000000000	0.00000000000000000
6	7	0.38069473771260925	-0.17019384960171371	5.98955787232757242	0.00000000000000000	0.00000000000000000	0.28373572882382536	-0.23239444703614304	-0.17019384960171371	0.00000000000000000	0.00000000000000000	0.00000000000000000	0.00000000000000000
7	7	0.39718085201547465	0.01933436930971271	5.98955787232757242	0.00000000000000000	0.00000000000000000	0.28373572882382536	-0.21590833273327764	0.01933436930971271	0.00000000000000000	0.00000000000000000	0.00000000000000000	0.00000000000000000
8	7	0.36350170863998610	-0.13167088386790043	5.98955787232757242	0.00000000000000000	0.00000000000000000	0.28373572882382536	-0.24958747610876619	-0.13167088386790043	0.00000000000000000	0.00000000000000000	0.00000000000000000	0.00000000000000000
9	7	0.34571079212344208	-0.02583790478952483	5.98955787232757242	0.00000000000000000	0.00000000000000000	0.28373572882382536	-0.26737839262531021	-0.02583790478952483	0.00000000000000000	0.00000000000000000	0.00000000000000000	0.00000000000000000
10	7	0.37893416575626010	-0.27361364577290104	5.98955787232757242	0.00000000000000000	0.00000000000000000	0.28373572882382536	-0.23415501899249219	-0.27361364577290104	0.00000000000000000	0.00000000000000000	0.00000000000000000	0.00000000000000000
