rep	id	rhoS	eta_deltaSC	rhoC_pop_value	eta_rhoC	eta_deltaCB	rhoB	eta_rhoS	eta_eta_deltaSC	eta_rhoC_pop_value	eta_eta_rhoC	eta_eta_deltaCB	eta_rhoB
1	1	0.59512475180409830	0.02234852083647981	2.18527376533477513	0.00000000000000000	0.00000000000000000	-0.38377330944327387	-0.03381462460712714	0.02234852083647981	0.00000000000000000	0.00000000000000000	0.00000000000000000	0.00000000000000000
2	1	0.55259989069490700	-0.02985511927713103	2.18527376533477513	0.00000000000000000	0.00000000000000000	-0.38377330944327387	-0.07633948571631843	-0.02985511927713103	0.00000000000000000	0.00000000000000000	0.00000000000000000	0.00000000000000000
3	1	0.62830278244059989	0.03049668020833807	2.18527376533477513	0.00000000000000000	0.00000000000000000	-0.38377330944327387	-0.00063659397062554	0.03049668020833807	0.00000000000000000	0.00000000000000000	0.00000000000000000	0.00000000000000000
4	1	0.58399901370070617	0.04974048424971834	2.18527376533477513	0.00000000000000000	0.00000000000000000	-0.38377330944327387	-0.04494036271051927	0.04974048424971834	0.00000000000000000	0.00000000000000000	0.00000000000000000	0.00000000000000000
5	1	0.64027522326451258	-0.04210926630059033	2.18527376533477513	0.00000000000000000	0.00000000000000000	-0.38377330944327387	0.01133584685328715	-0.04210926630059033	0.00000000000000000	0.00000000000000000	0.00000000000000000	0.00000000000000000
6	1	0.58609730481974842	0.08062923024183705	2.18527376533477513	0.00000000000000000	0.00000000000000000	-0.38377330944327387	-0.04284207159147702	0.08062923024183705	0.00000000000000000	0.00000000000000000	0.00000000000000000	0.00000000000000000
7	1	0.61936473156497396	0.04568469156560039	2.18527376533477513	0.00000000000000000	0.00000000000000000	-0.38377330944327387	-0.00957464484625148	0.04568469156560039	0.00000000000000000	0.00000000000000000	0.00000000000000000	0.00000000000000000
8	1	0.54034952065128672	-0.02303409337446008	2.18527376533477513	0.00000000000000000	0.00000000000000000	-0.38377330944327387	-0.08858985575993872	-0.02303409337446008	0.00000000000000000	0.00000000000000000	0.00000000000000000	0.00000000000000000
9	1	0.62488428794412521	-0.06314044344901032	2.18527376533477513	0.00000000000000000	0.00000000000000000	-0.38377330944327387	-0.00405508846710023	-0.06314044344901032	0.00000000000000000	0.00000000000000000	0.00000000000000000	0.00000000000000000
10	1	0.61691446187994636	0.05242053693210979	2.18527376533477513	0.00000000000000000	0.00000000000000000	-0.38377330944327387	-0.01202491453127907	0.05242053693210979	0.00000000000000000	0.00000000000000000	0.00000000000000000	0.00000000000000000
1	2	0.79196722247619067	0.03762375259969352	2.18527376533477513	0.00000000000000000	0.00000000000000000	-0.38377330944327387	0.16302784606496523	0.03762375259969352	0.00000000000000000	0.00000000000000000	0.00000000000000000	0.00000000000000000
2	2	0.73539812255669801	0.00797551668853575	2.18527376533477513	0.00000000000000000	0.00000000000000000	-0.38377330944327387	0.10645874614547257	0.00797551668853575	0.00000000000000000	0.00000000000000000	0.00000000000000000	0.00000000000000000
3	2	0.80452359127760265	-0.00023910670281731	2.18527376533477513	0.00000000000000000	0.00000000000000000	-0.38377330944327387	0.17558421486637721	-0.00023910670281731	0.00000000000000000	0.00000000000000000	0.00000000000000000	0.00000000000000000
4	2	0.78286238595041391	-0.00507059881155566	2.18527376533477513	0.00000000000000000	0.00000000000000000	-0.38377330944327387	0.15392300953918847	-0.00507059881155566	0.00000000000000000	0.00000000000000000	0.00000000000000000	0.00000000000000000
5	2	0.71853026584081237	0.01933148748786806	2.18527376533477513	0.00000000000000000	0.00000000000000000	-0.38377330944327387	0.08959088942958693	0.01933148748786806	0.00000000000000000	0.00000000000000000	0.00000000000000000	0.00000000000000000
6	2	0.73441917342781915	-0.04529803976253038	2.18527376533477513	0.00000000000000000	0.00000000000000000	-0.38377330944327387	0.10547979701659371	-0.04529803976253038	0.00000000000000000	0.00000000000000000	0.00000000000000000	0.00000000000000000
7	2	0.79657679513972957	0.00280191896517930	2.18527376533477513	0.00000000000000000	0.00000000000000000	-0.38377330944327387	0.16763741872850413	0.00280191896517930	0.00000000000000000	0.00000000000000000	0.00000000000000000	0.00000000000000000
8	2	0.77793627829047141	-0.03127169224029211	2.18527376533477513	0.00000000000000000	0.00000000000000000	-0.38377330944327387	0.14899690187924597	-0.03127169224029211	0.00000000000000000	0.00000000000000000	0.00000000000000000	0.00000000000000000
9	2	0.75921671272566194	-0.00461592862558195	2.18527376533477513	0.00000000000000000	0.00000000000000000	-0.38377330944327387	0.13027733631443650	-0.00461592862558195	0.00000000000000000	0.00000000000000000	0.00000000000000000	0.00000000000000000
10	2	0.75998823064964394	-0.02371734661498192	2.18527376533477513	0.00000000000000000	0.00000000000000000	-0.38377330944327387	0.13104885423841850	-0.02371734661498192	0.00000000000000000	0.00000000000000000	0.00000000000000000	0.00000000000000000
1	3	0.59554196603201959	0.00476384110139223	2.18527376533477513	0.00000000000000000	0.00000000000000000	-0.38377330944327387	-0.03339741037920585	0.00476384110139223	0.00000000000000000	0.00000000000000000	0.00000000000000000	0.00000000000000000
2	3	0.58621218777238593	-0.08649062929550581	2.18527376533477513	0.00000000000000000	0.00000000000000000	-0.38377330944327387	-0.04272718863883951	-0.08649062929550581	0.00000000000000000	0.00000000000000000	0.00000000000000000	0.00000000000000000
3	3	0.60038904540021754	-0.03856182005902638	2.18527376533477513	0.00000000000000000	0.00000000000000000	-0.38377330944327387	-0.02855033101100790	-0.03856182005902638	0.00000000000000000	0.00000000000000000	0.00000000000000000	0.00000000000000000
4	3	0.52550234832734977	-0.04644379333708330	2.18527376533477513	0.00000000000000000	0.00000000000000000	-0.38377330944327387	-0.10343702808387567	-0.04644379333708330	0.00000000000000000	0.00000000000000000	0.00000000000000000	0.00000000000000000
5	3	0.59897512423928523	-0.04830017424635245	2.18527376533477513	0.00000000000000000	0.00000000000000000	-0.38377330944327387	-0.02996425217194021	-0.04830017424635245	0.00000000000000000	0.00000000000000000	0.00000000000000000	0.00000000000000000
6	3	0.56552164039448949	-0.02595024743123173	2.18527376533477513	0.00000000000000000	0.00000000000000000	-0.38377330944327387	-0.06341773601673595	-0.02595024743123173	0.00000000000000000	0.00000000000000000	0.00000000000000000	0.00000000000000000
7	3	0.64137312403357494	0.02585492938046050	2.18527376533477513	0.00000000000000000	0.00000000000000000	-0.38377330944327387	0.01243374762234950	0.02585492938046050	0.00000000000000000	0.00000000000000000	0.00000000000000000	0.00000000000000000
8	3	0.60043250850047769	-0.00336132193685467	2.18527376533477513	0.00000000000000000	0.00000000000000000	-0.38377330944327387	-0.02850686791074775	-0.00336132193685467	0.00000000000000000	0.00000000000000000	0.00000000000000000	0.00000000000000000
9	3	0.61533297917540519	-0.05779783273163980	2.18527376533477513	0.00000000000000000	0.00000000000000000	-0.38377330944327387	-0.01360639723582024	-0.05779783273163980	0.00000000000000000	0.00000000000000000	0.00000000000000000	0.00000000000000000
10	3	0.55365774638668264	0.08181727355054642	2.18527376533477513	0.00000000000000000	0.00000000000000000	-0.38377330944327387	-0.07528163002454280	0.08181727355054642	0.00000000000000000	0.00000000000000000	0.00000000000000000	0.00000000000000000
1	4	0.74710801268759031	-0.07181580595129514	2.18527376533477513	0.00000000000000000	0.00000000000000000	-0.38377330944327387	0.11816863627636487	-0.07181580595129514	0.00000000000000000	0.00000000000000000	0.00000000000000000	0.00000000000000000
2	4	0.82970533227782228	-0.00201489398981561	2.18527376533477513	0.00000000000000000	0.00000000000000000	-0.38377330944327387	0.20076595586659685	-0.00201489398981561	0.00000000000000000	0.00000000000000000	0.00000000000000000	0.00000000000000000
3	4	0.79673893682789676	-0.07655023874338851	2.18527376533477513	0.00000000000000000	0.00000000000000000	-0.38377330944327387	0.16779956041667132	-0.07655023874338851	0.00000000000000000	0.00000000000000000	0.00000000000000000	0.00000000000000000
4	4	0.74774588305096745	-0.08069559662781652	2.18527376533477513	0.00000000000000000	0.00000000000000000	-0.38377330944327387	0.11880650663974202	-0.08069559662781652	0.00000000000000000	0.00000000000000000	0.00000000000000000	0.00000000000000000
5	4	0.74922351265631693	0.08457286954158832	2.18527376533477513	0.00000000000000000	0.00000000000000000	-0.38377330944327387	0.12028413624509149	0.08457286954158832	0.00000000000000000	0.00000000000000000	0.00000000000000000	0.00000000000000000
6	4	0.78162410456709697	0.02111178225883444	2.18527376533477513	0.00000000000000000	0.00000000000000000	-0.38377330944327387	0.15268472815587153	0.02111178225883444	0.00000000000000000	0.00000000000000000	0.00000000000000000	0.00000000000000000
7	4	0.77275021493497009	0.01459830818686857	2.18527376533477513	0.00000000000000000	0.00000000000000000	-0.38377330944327387	0.14381083852374466	0.01459830818686857	0.00000000000000000	0.00000000000000000	0.00000000000000000	0.00000000000000000
8	4	0.76162696942692121	0.12917466867125688	2.18527376533477513	0.00000000000000000	0.00000000000000000	-0.38377330944327387	0.13268759301569577	0.12917466867125688	0.00000000000000000	0.00000000000000000	0.00000000000000000	0.00000000000000000
9	4	0.76455966706585998	0.06750880224102997	2.18527376533477513	0.00000000000000000	0.00000000000000000	-0.38377330944327387	0.13562029065463455	0.06750880224102997	0.00000000000000000	0.00000000000000000	0.00000000000000000	0.00000000000000000
10	4	0.76704310325858915	-0.05397472700013115	2.18527376533477513	0.00000000000000000	0.00000000000000000	-0.38377330944327387	0.13810372684736372	-0.05397472700013115	0.00000000000000000	0.00000000000000000	0.00000000000000000	0.00000000000000000
1	5	0.68548033105110928	-0.04273695275768322	2.18527376533477513	0.00000000000000000	0.00000000000000000	-0.38377330944327387	0.05654095463988384	-0.04273695275768322	0.00000000000000000	0.00000000000000000	0.00000000000000000	0.00000000000000000
2	5	0.73222517616058613	0.00808165934336113	2.18527376533477513	0.00000000000000000	0.00000000000000000	-0.38377330944327387	0.10328579974936070	0.00808165934336113	0.00000000000000000	0.00000000000000000	0.00000000000000000	0.00000000000000000
3	5	0.64625088687463661	0.12568539939056761	2.18527376533477513	0.00000000000000000	0.00000000000000000	-0.38377330944327387	0.01731151046341117	0.12568539939056761	0.00000000000000000	0.00000000000000000	0.00000000000000000	0.00000000000000000
4	5	0.64991474441447550	0.02185972691919952	2.18527376533477513	0.00000000000000000	0.00000000000000000	-0.38377330944327387	0.02097536800325006	0.02185972691919952	0.00000000000000000	0.00000000000000000	0.00000000000000000	0.00000000000000000
5	5	0.67763252211964431	0.00611417047622930	2.18527376533477513	0.00000000000000000	0.00000000000000000	-0.38377330944327387	0.04869314570841887	0.00611417047622930	0.00000000000000000	0.00000000000000000	0.00000000000000000	0.00000000000000000
6	5	0.64059171050478503	0.04838581292279585	2.18527376533477513	0.00000000000000000	0.00000000000000000	-0.38377330944327387	0.01165233409355959	0.04838581292279585	0.00000000000000000	0.00000000000000000	0.00000000000000000	0.00000000000000000
7	5	0.69393668395219144	0.01349819983419895	2.18527376533477513	0.00000000000000000	0.00000000000000000	-0.38377330944327387	0.06499730754096600	0.01349819983419895	0.00000000000000000	0.00000000000000000	0.00000000000000000	0.00000000000000000
8	5	0.70099107012440864	-0.01968943040189307	2.18527376533477513	0.00000000000000000	0.00000000000000000	-0.38377330944327387	0.07205169371318321	-0.01968943040189307	0.00000000000000000	0.00000000000000000	0.00000000000000000	0.00000000000000000
9	5	0.65240141988728850	-0.01008218607508464	2.18527376533477513	0.00000000000000000	0.00000000000000000	-0.38377330944327387	0.02346204347606307	-0.01008218607508464	0.00000000000000000	0.00000000000000000	0.00000000000000000	0.00000000000000000
10	5	0.65644737540503284	0.03738318005579862	2.18527376533477513	0.00000000000000000	0.00000000000000000	-0.38377330944327387	0.02750799899380740	0.03738318005579862	0.00000000000000000	0.00000000000000000	0.00000000000000000	0.00000000000000000
1	6	0.59991864469788636	0.00950116583059483	2.18527376533477513	0.00000000000000000	0.00000000000000000	-0.38377330944327387	-0.02902073171333908	0.00950116583059483	0.00000000000000000	0.00000000000000000	0.00000000000000000	0.00000000000000000
2	6	0.61562419409387237	0.00935582141594049	2.18527376533477513	0.00000000000000000	0.00000000000000000	-0.38377330944327387	-0.01331518231735307	0.00935582141594049	0.00000000000000000	0.00000000000000000	0.00000000000000000	0.00000000000000000
3	6	0.63201827979635095	-0.05019583100321766	2.18527376533477513	0.00000000000000000	0.00000000000000000	-0.38377330944327387	0.00307890338512551	-0.05019583100321766	0.00000000000000000	0.00000000000000000	0.00000000000000000	0.00000000000000000
4	6	0.66405958904407536	-0.03486489977489610	2.18527376533477513	0.00000000000000000	0.00000000000000000	-0.38377330944327387	0.03512021263284992	-0.03486489977489610	0.00000000000000000	0.00000000000000000	0.00000000000000000	0.00000000000000000
5	6	0.58774770894669670	-0.04618942646016803	2.18527376533477513	0.00000000000000000	0.00000000000000000	-0.38377330944327387	-0.04119166746452874	-0.04618942646016803	0.00000000000000000	0.00000000000000000	0.00000000000000000	0.00000000000000000
6	6	0.62153792611833258	0.08342537977961238	2.18527376533477513	0.00000000000000000	0.00000000000000000	-0.38377330944327387	-0.00740145029289285	0.08342537977961238	0.00000000000000000	0.00000000000000000	0.00000000000000000	0.00000000000000000
7	6	0.64055945253266144	-0.05846092970987844	2.18527376533477513	0.00000000000000000	0.00000000000000000	-0.38377330944327387	0.01162007612143601	-0.05846092970987844	0.00000000000000000	0.00000000000000000	0.00000000000000000	0.00000000000000000
8	6	0.63758225305580030	0.04137602310607610	2.18527376533477513	0.00000000000000000	0.00000000000000000	-0.38377330944327387	0.00864287664457486	0.04137602310607610	0.00000000000000000	0.00000000000000000	0.00000000000000000	0.00000000000000000
9	6	0.61215273944703452	-0.05485037532585546	2.18527376533477513	0.00000000000000000	0.00000000000000000	-0.38377330944327387	-0.01678663696419092	-0.05485037532585546	0.00000000000000000	0.00000000000000000	0.00000000000000000	0.00000000000000000
10	6	0.62938343929566709	0.06440554074060977	2.18527376533477513	0.00000000000000000	0.00000000000000000	-0.38377330944327387	0.00044406288444165	0.06440554074060977	0.00000000000000000	0.00000000000000000	0.00000000000000000	0.00000000000000000
1	7	0.41148034774622316	-0.08785315806923602	2.18527376533477513	0.00000000000000000	0.00000000000000000	-0.38377330944327387	-0.21745902866500227	-0.08785315806923602	0.00000000000000000	0.00000000000000000	0.00000000000000000	0.00000000000000000
2	7	0.40002601819754974	-0.03448209588388443	2.18527376533477513	0.00000000000000000	0.00000000000000000	-0.38377330944327387	-0.22891335821367570	-0.03448209588388443	0.00000000000000000	0.00000000000000000	0.00000000000000000	0.00000000000000000
3	7	0.38257553380175896	-0.03496464311681381	2.18527376533477513	0.00000000000000000	0.00000000000000000	-0.38377330944327387	-0.24636384260946648	-0.03496464311681381	0.00000000000000000	0.00000000000000000	0.00000000000000000	0.00000000000000000
4	7	0.37091716844638956	-0.04302390199969845	2.18527376533477513	0.00000000000000000	0.00000000000000000	-0.38377330944327387	-0.25802220796483588	-0.04302390199969845	0.00000000000000000	0.00000000000000000	0.00000000000000000	0.00000000000000000
5	7	0.39200083377685152	-0.10137617204377589	2.18527376533477513	0.00000000000000000	0.00000000000000000	-0.38377330944327387	-0.23693854263437392	-0.10137617204377589	0.00000000000000000	0.00000000000000000	0.00000000000000000	0.00000000000000000
6	7	0.41461330424526210	-0.01148289229837607	2.18527376533477513	0.00000000000000000	0.00000000000000000	-0.38377330944327387	-0.21432607216596333	-0.01148289229837607	0.00000000000000000	0.00000000000000000	0.00000000000000000	0.00000000000000000
7	7	0.43928513431723859	0.04678451888919257	2.18527376533477513	0.00000000000000000	0.00000000000000000	-0.38377330944327387	-0.18965424209398685	0.04678451888919257	0.00000000000000000	0.00000000000000000	0.00000000000000000	0.00000000000000000
8	7	0.34503629561620319	-0.05540390057449857	2.18527376533477513	0.00000000000000000	0.00000000000000000	-0.38377330944327387	-0.28390308079502224	-0.05540390057449857	0.00000000000000000	0.00000000000000000	0.00000000000000000	0.00000000000000000
9	7	0.37240266766414398	0.07289728234472304	2.18527376533477513	0.00000000000000000	0.00000000000000000	-0.38377330944327387	-0.25653670874708145	0.07289728234472304	0.00000000000000000	0.00000000000000000	0.00000000000000000	0.00000000000000000
10	7	0.38529646263594802	-0.00717619934862792	2.18527376533477513	0.00000000000000000	0.00000000000000000	-0.38377330944327387	-0.24364291377527741	-0.00717619934862792	0.00000000000000000	0.00000000000000000	0.00000000000000000	0.00000000000000000
