rep	id	eta_rhoS	eta_eta_deltaSC	eta_rhoC_pop_value	eta_eta_rhoC	eta_eta_deltaCB	eta_rhoB	eta_S0	eta_T0
1	AG111	-0.038519	-0.056374	0.000000	0.000000	-0.136911	0.000000	-0.019661	0.004019
2	AG111	-0.050962	-0.343308	0.000000	0.000000	-0.141125	0.000000	0.004752	-0.004051
3	AG111	0.028420	-0.509275	0.000000	0.000000	0.042621	0.000000	0.003922	0.013357
4	AG111	-0.014490	-0.126066	0.000000	0.000000	-0.101092	0.000000	-0.017341	-0.011393
5	AG111	0.011083	-0.000948	0.000000	0.000000	-0.006493	0.000000	-0.002565	0.002277
6	AG111	-0.044695	0.139483	0.000000	0.000000	-0.011999	0.000000	0.005171	0.008952
7	AG111	-0.046222	-0.331281	0.000000	0.000000	-0.156165	0.000000	0.028753	0.019569
8	AG111	-0.011008	-0.257131	0.000000	0.000000	0.029220	0.000000	-0.016160	0.006670
9	AG111	-0.034891	-0.283062	0.000000	0.000000	-0.171310	0.000000	0.028411	0.032151
10	AG111	-0.003478	-0.313794	0.000000	0.000000	-0.202519	0.000000	-0.014839	-0.019282
1	AG112	0.128210	0.084856	0.000000	0.000000	-0.197856	0.000000	0.020331	-0.007528
2	AG112	0.134048	-0.018660	0.000000	0.000000	-0.198177	0.000000	0.018204	-0.001069
3	AG112	0.176246	0.087975	0.000000	0.000000	-0.249421	0.000000	0.004762	-0.016008
4	AG112	0.177761	0.155504	0.000000	0.000000	-0.177048	0.000000	-0.011052	-0.011329
5	AG112	0.115470	0.057794	0.000000	0.000000	-0.225955	0.000000	0.038039	0.037120
6	AG112	0.205210	0.236872	0.000000	0.000000	-0.123539	0.000000	0.026802	-0.002478
7	AG112	0.173714	-0.016845	0.000000	0.000000	-0.150499	0.000000	-0.046522	-0.012803
8	AG112	0.127460	0.250380	0.000000	0.000000	-0.200676	0.000000	-0.015976	0.006511
9	AG112	0.108799	-0.008682	0.000000	0.000000	-0.299798	0.000000	0.000611	-0.025630
10	AG112	0.157352	0.368212	0.000000	0.000000	-0.172445	0.000000	-0.000917	-0.019473
1	AG139	-0.071719	0.154620	0.000000	0.000000	-0.141613	0.000000	-0.022195	-0.006096
2	AG139	-0.009995	0.166092	0.000000	0.000000	-0.170540	0.000000	0.008455	0.006631
3	AG139	-0.018921	0.365237	0.000000	0.000000	-0.135657	0.000000	0.012762	-0.031935
4	AG139	-0.044888	0.156885	0.000000	0.000000	-0.189764	0.000000	-0.016447	0.007698
5	AG139	-0.035237	-0.181590	0.000000	0.000000	-0.183751	0.000000	0.000442	-0.009402
6	AG139	-0.077376	0.479326	0.000000	0.000000	-0.165574	0.000000	-0.001056	-0.035655
7	AG139	-0.066209	0.049757	0.000000	0.000000	-0.161484	0.000000	-0.019371	-0.010974
8	AG139	-0.069998	-0.115641	0.000000	0.000000	-0.179903	0.000000	-0.024362	-0.001782
9	AG139	0.015342	0.112440	0.000000	0.000000	-0.132071	0.000000	-0.018012	-0.011517
10	AG139	-0.059709	0.365145	0.000000	0.000000	-0.091885	0.000000	0.023295	-0.004588
1	AG142	0.156171	0.597951	0.000000	0.000000	-0.225483	0.000000	-0.001994	0.012006
2	AG142	0.109613	0.812110	0.000000	0.000000	-0.115218	0.000000	0.000115	0.021831
3	AG142	0.138348	0.719634	0.000000	0.000000	-0.124299	0.000000	-0.025710	0.017491
4	AG142	0.165737	0.485239	0.000000	0.000000	-0.173572	0.000000	-0.038296	0.002170
5	AG142	0.142007	0.505889	0.000000	0.000000	-0.149267	0.000000	-0.017262	0.006983
6	AG142	0.153925	0.962916	0.000000	0.000000	-0.190590	0.000000	-0.024314	-0.004519
7	AG142	0.141570	0.550251	0.000000	0.000000	-0.146336	0.000000	0.017667	-0.005749
8	AG142	0.077790	0.497457	0.000000	0.000000	-0.196161	0.000000	0.043894	-0.027089
9	AG142	0.111831	0.262314	0.000000	0.000000	-0.163403	0.000000	0.006001	0.008038
10	AG142	0.148740	0.228342	0.000000	0.000000	-0.101696	0.000000	0.016331	0.013007
1	GD14	-0.025041	0.132625	0.000000	0.000000	-0.340243	0.000000	0.020741	-0.038636
2	GD14	-0.027752	0.037025	0.000000	0.000000	-0.267546	0.000000	0.010454	0.012382
3	GD14	-0.039954	0.087978	0.000000	0.000000	-0.289632	0.000000	0.002340	-0.014719
4	GD14	0.038848	-0.214318	0.000000	0.000000	-0.280130	0.000000	0.004291	0.013729
5	GD14	-0.024944	0.047908	0.000000	0.000000	-0.319029	0.000000	-0.003434	-0.031804
6	GD14	-0.007044	-0.015069	0.000000	0.000000	-0.270356	0.000000	-0.008652	0.005233
7	GD14	-0.000154	0.091451	0.000000	0.000000	-0.283763	0.000000	-0.007008	-0.020712
8	GD14	-0.000049	-0.121744	0.000000	0.000000	-0.334205	0.000000	-0.023052	0.003396
9	GD14	-0.036981	0.056517	0.000000	0.000000	-0.397385	0.000000	-0.006515	0.006320
10	GD14	-0.005374	0.017796	0.000000	0.000000	-0.282401	0.000000	-0.023649	-0.017931
1	GD15	-0.022774	0.347905	0.000000	0.000000	-0.110913	0.000000	0.009174	-0.000670
2	GD15	0.013896	0.231036	0.000000	0.000000	-0.123447	0.000000	0.032381	0.001909
3	GD15	-0.065725	-0.198813	0.000000	0.000000	-0.159996	0.000000	-0.010419	-0.008482
4	GD15	-0.037653	0.035570	0.000000	0.000000	-0.144190	0.000000	0.004332	-0.016291
5	GD15	-0.002540	-0.087041	0.000000	0.000000	-0.185743	0.000000	0.014658	-0.002153
6	GD15	-0.035877	0.067412	0.000000	0.000000	-0.106124	0.000000	0.005980	-0.000325
7	GD15	-0.015430	0.177888	0.000000	0.000000	-0.132602	0.000000	0.012755	-0.000565
8	GD15	-0.008148	0.072316	0.000000	0.000000	-0.141284	0.000000	-0.034053	-0.013223
9	GD15	0.001988	0.095164	0.000000	0.000000	-0.163493	0.000000	-0.007343	0.014557
10	GD15	-0.026996	0.349586	0.000000	0.000000	-0.151909	0.000000	-0.031708	-0.027566
1	GD16	-0.237500	0.088744	0.000000	0.000000	-0.128857	0.000000	0.014200	-0.005501
2	GD16	-0.255948	-0.087635	0.000000	0.000000	-0.161961	0.000000	-0.040385	0.006597
3	GD16	-0.231400	0.093555	0.000000	0.000000	-0.055876	0.000000	-0.033475	-0.003021
4	GD16	-0.214315	-0.094862	0.000000	0.000000	-0.130748	0.000000	-0.047361	-0.015098
5	GD16	-0.275662	-0.005370	0.000000	0.000000	-0.162162	0.000000	0.059239	-0.030838
6	GD16	-0.276998	0.014264	0.000000	0.000000	-0.136632	0.000000	-0.009431	0.006935
7	GD16	-0.244163	0.180415	0.000000	0.000000	-0.085431	0.000000	0.013916	-0.006216
8	GD16	-0.210125	-0.083623	0.000000	0.000000	-0.126787	0.000000	-0.019429	-0.038967
9	GD16	-0.240933	-0.053459	0.000000	0.000000	-0.125667	0.000000	0.003578	-0.015364
10	GD16	-0.253647	0.138655	0.000000	0.000000	-0.086899	0.000000	-0.004471	0.044078
