rep	id	eta_rhoS	eta_eta_deltaSC	eta_rhoC_pop_value	eta_eta_rhoC	eta_eta_deltaCB	eta_rhoB	eta_S0	eta_T0
1	AG111	0.000000	0.000000	0.000000	0.000000	0.000000	0.000000	-0.060165	-0.293288
2	AG111	0.000000	0.000000	0.000000	0.000000	0.000000	0.000000	-0.134279	-0.074821
3	AG111	0.000000	0.000000	0.000000	0.000000	0.000000	0.000000	-0.119470	-0.128405
4	AG111	0.000000	0.000000	0.000000	0.000000	0.000000	0.000000	-0.080152	-0.093513
5	AG111	0.000000	0.000000	0.000000	0.000000	0.000000	0.000000	0.038496	-0.016470
6	AG111	0.000000	0.000000	0.000000	0.000000	0.000000	0.000000	-0.066692	-0.144231
7	AG111	0.000000	0.000000	0.000000	0.000000	0.000000	0.000000	0.204588	-0.121069
8	AG111	0.000000	0.000000	0.000000	0.000000	0.000000	0.000000	-0.022755	-0.148931
9	AG111	0.000000	0.000000	0.000000	0.000000	0.000000	0.000000	-0.188401	-0.194642
10	AG111	0.000000	0.000000	0.000000	0.000000	0.000000	0.000000	-0.008922	-0.119416
1	AG112	0.000000	0.000000	0.000000	0.000000	0.000000	0.000000	0.143718	0.160186
2	AG112	0.000000	0.000000	0.000000	0.000000	0.000000	0.000000	0.196638	0.253584
3	AG112	0.000000	0.000000	0.000000	0.000000	0.000000	0.000000	0.325207	0.198349
4	AG112	0.000000	0.000000	0.000000	0.000000	0.000000	0.000000	0.129394	0.253573
5	AG112	0.000000	0.000000	0.000000	0.000000	0.000000	0.000000	0.169866	0.292601
6	AG112	0.000000	0.000000	0.000000	0.000000	0.000000	0.000000	0.206510	0.261183
7	AG112	0.000000	0.000000	0.000000	0.000000	0.000000	0.000000	0.307660	0.292362
8	AG112	0.000000	0.000000	0.000000	0.000000	0.000000	0.000000	0.141111	0.104282
9	AG112	0.000000	0.000000	0.000000	0.000000	0.000000	0.000000	0.228826	0.114654
10	AG112	0.000000	0.000000	0.000000	0.000000	0.000000	0.000000	0.009684	0.114416
1	AG139	0.000000	0.000000	0.000000	0.000000	0.000000	0.000000	0.133815	-0.129188
2	AG139	0.000000	0.000000	0.000000	0.000000	0.000000	0.000000	-0.064498	-0.140770
3	AG139	0.000000	0.000000	0.000000	0.000000	0.000000	0.000000	-0.055525	-0.055253
4	AG139	0.000000	0.000000	0.000000	0.000000	0.000000	0.000000	0.107658	-0.176961
5	AG139	0.000000	0.000000	0.000000	0.000000	0.000000	0.000000	-0.189093	-0.060832
6	AG139	0.000000	0.000000	0.000000	0.000000	0.000000	0.000000	-0.073446	-0.041972
7	AG139	0.000000	0.000000	0.000000	0.000000	0.000000	0.000000	-0.150088	0.037271
8	AG139	0.000000	0.000000	0.000000	0.000000	0.000000	0.000000	-0.048590	-0.097882
9	AG139	0.000000	0.000000	0.000000	0.000000	0.000000	0.000000	0.031015	0.012490
10	AG139	0.000000	0.000000	0.000000	0.000000	0.000000	0.000000	-0.154871	-0.051010
1	AG142	0.000000	0.000000	0.000000	0.000000	0.000000	0.000000	0.169263	0.179592
2	AG142	0.000000	0.000000	0.000000	0.000000	0.000000	0.000000	0.150325	0.182272
3	AG142	0.000000	0.000000	0.000000	0.000000	0.000000	0.000000	0.127969	0.323456
4	AG142	0.000000	0.000000	0.000000	0.000000	0.000000	0.000000	0.098311	0.168458
5	AG142	0.000000	0.000000	0.000000	0.000000	0.000000	0.000000	0.199819	0.200057
6	AG142	0.000000	0.000000	0.000000	0.000000	0.000000	0.000000	0.180819	0.225336
7	AG142	0.000000	0.000000	0.000000	0.000000	0.000000	0.000000	0.285393	0.071496
8	AG142	0.000000	0.000000	0.000000	0.000000	0.000000	0.000000	0.224514	0.250099
9	AG142	0.000000	0.000000	0.000000	0.000000	0.000000	0.000000	0.236956	0.225097
10	AG142	0.000000	0.000000	0.000000	0.000000	0.000000	0.000000	0.251843	0.271498
1	GD14	0.000000	0.000000	0.000000	0.000000	0.000000	0.000000	-0.069974	0.094111
2	GD14	0.000000	0.000000	0.000000	0.000000	0.000000	0.000000	-0.013284	0.112402
3	GD14	0.000000	0.000000	0.000000	0.000000	0.000000	0.000000	-0.008792	0.282319
4	GD14	0.000000	0.000000	0.000000	0.000000	0.000000	0.000000	0.033906	0.116799
5	GD14	0.000000	0.000000	0.000000	0.000000	0.000000	0.000000	0.123711	0.199107
6	GD14	0.000000	0.000000	0.000000	0.000000	0.000000	0.000000	0.127603	0.179827
7	GD14	0.000000	0.000000	0.000000	0.000000	0.000000	0.000000	-0.078816	0.101441
8	GD14	0.000000	0.000000	0.000000	0.000000	0.000000	0.000000	0.172247	0.191533
9	GD14	0.000000	0.000000	0.000000	0.000000	0.000000	0.000000	-0.148932	0.284101
10	GD14	0.000000	0.000000	0.000000	0.000000	0.000000	0.000000	-0.089151	0.197672
1	GD15	0.000000	0.000000	0.000000	0.000000	0.000000	0.000000	-0.068221	-0.094854
2	GD15	0.000000	0.000000	0.000000	0.000000	0.000000	0.000000	0.015574	-0.123894
3	GD15	0.000000	0.000000	0.000000	0.000000	0.000000	0.000000	-0.068859	-0.227564
4	GD15	0.000000	0.000000	0.000000	0.000000	0.000000	0.000000	0.019136	-0.088805
5	GD15	0.000000	0.000000	0.000000	0.000000	0.000000	0.000000	-0.154222	-0.006133
6	GD15	0.000000	0.000000	0.000000	0.000000	0.000000	0.000000	-0.028676	-0.272358
7	GD15	0.000000	0.000000	0.000000	0.000000	0.000000	0.000000	-0.153110	-0.080872
8	GD15	0.000000	0.000000	0.000000	0.000000	0.000000	0.000000	0.187550	-0.223585
9	GD15	0.000000	0.000000	0.000000	0.000000	0.000000	0.000000	0.140417	-0.278268
10	GD15	0.000000	0.000000	0.000000	0.000000	0.000000	0.000000	0.079190	0.048150
1	GD16	0.000000	0.000000	0.000000	0.000000	0.000000	0.000000	-0.302875	-0.220195
2	GD16	0.000000	0.000000	0.000000	0.000000	0.000000	0.000000	-0.193229	-0.150381
3	GD16	0.000000	0.000000	0.000000	0.000000	0.000000	0.000000	-0.266797	-0.207347
4	GD16	0.000000	0.000000	0.000000	0.000000	0.000000	0.000000	-0.271506	-0.337261
5	GD16	0.000000	0.000000	0.000000	0.000000	0.000000	0.000000	-0.357524	-0.283318
6	GD16	0.000000	0.000000	0.000000	0.000000	0.000000	0.000000	0.087441	-0.297145
7	GD16	0.000000	0.000000	0.000000	0.000000	0.000000	0.000000	-0.346001	-0.315545
8	GD16	0.000000	0.000000	0.000000	0.000000	0.000000	0.000000	-0.283339	-0.268542
9	GD16	0.000000	0.000000	0.000000	0.000000	0.000000	0.000000	-0.214513	-0.312474
10	GD16	0.000000	0.000000	0.000000	0.000000	0.000000	0.000000	-0.234311	-0.204849
